# blastn
JY_M13F_F10_070.ab1	gi|115501971|emb|AM267269.1|	97.35	718	19	0	1	718	739	1456	0.0	1221
JY_M13F_F10_070.ab1	gi|115501969|emb|AM267267.1|	96.94	719	20	2	1	718	738	1455	0.0	1205
JY_M13F_F10_070.ab1	gi|115501970|emb|AM267268.1|	96.80	718	23	0	1	718	738	1455	0.0	1199
JY_M13F_F10_070.ab1	gi|170936087|emb|AM947666.1|	96.52	718	25	0	1	718	753	1470	0.0	1188
JY_M13F_F10_070.ab1	gi|213876625|gb|FJ430712.1|	95.83	719	28	2	1	718	738	1455	0.0	1160
JY_M13F_H12_082.ab1_(reversed)	gi|12249109|dbj|AB033484.1|	93.65	724	38	7	1	718	798	1519	0.0	1075
JY_M13F_H12_082.ab1_(reversed)	gi|213876631|gb|FJ430718.1|	93.63	722	39	7	1	718	705	1423	0.0	1072
JY_M13F_H12_082.ab1_(reversed)	gi|213876624|gb|FJ430711.1|	93.08	723	44	6	1	718	763	1484	0.0	1053
JY_M13F_H12_082.ab1_(reversed)	gi|213876689|gb|FJ430776.1|	93.10	725	40	10	1	718	652	1373	0.0	1053
JY_M13F_H12_082.ab1_(reversed)	gi|223587885|emb|FM995624.1|	93.10	725	40	10	1	718	751	1472	0.0	1053
