# blastn
# Iteration: 0
# Query: 92643
# RID: AZ661956016
# Database: nr
# Fields: query id, subject ids, % identity, alignment length, mismatches, gap opens, q. start, q. end, s. start, s. end, evalue, bit score
# 2213 hits found
92643	gi|349736152|gb|CP003034.1|	97.73	88	1	1	1	88	4742431	4742517	1e-33	  150
92643	gi|323376397|gb|CP002516.1|	100.00	100	0	0	1	100	4552884	4552785	4e-44	  185
92643	gi|323376397|gb|CP002516.1|	98.00	100	2	0	1	100	4858495	4858396	8e-41	  174
92643	gi|323376397|gb|CP002516.1|	96.00	100	4	0	1	100	1205276	1205375	2e-37	  163
92643	gi|323376397|gb|CP002516.1|	96.00	100	4	0	1	100	4593430	4593331	2e-37	  163
92643	gi|323376397|gb|CP002516.1|	97.73	88	1	1	1	88	465848	465934	1e-33	  150
92643	gi|323376397|gb|CP002516.1|	97.73	88	1	1	1	88	3886153	3886067	1e-33	  150
92643	gi|323376397|gb|CP002516.1|	95.45	88	3	1	1	88	4764866	4764780	3e-30	  139
92643	gi|315059226|gb|CP002185.1|	100.00	100	0	0	1	100	4473358	4473457	4e-44	  185
92643	gi|315059226|gb|CP002185.1|	98.00	100	2	0	1	100	4167747	4167846	8e-41	  174
92643	gi|315059226|gb|CP002185.1|	96.00	100	4	0	1	100	2900581	2900482	2e-37	  163
92643	gi|315059226|gb|CP002185.1|	96.00	100	4	0	1	100	4432814	4432913	2e-37	  163
92643	gi|315059226|gb|CP002185.1|	97.73	88	1	1	1	88	225750	225836	1e-33	  150
92643	gi|315059226|gb|CP002185.1|	97.73	88	1	1	1	88	3640225	3640139	1e-33	  150
92643	gi|315059226|gb|CP002185.1|	95.45	88	3	1	1	88	4261378	4261464	3e-30	  139
92643	gi|313848522|emb|AM946981.2|	100.00	100	0	0	1	100	2596158	2596059	4e-44	  185
92643	gi|313848522|emb|AM946981.2|	100.00	100	0	0	1	100	3833556	3833655	4e-44	  185
92643	gi|313848522|emb|AM946981.2|	100.00	100	0	0	1	100	4117675	4117774	4e-44	  185
92643	gi|313848522|emb|AM946981.2|	99.00	100	1	0	1	100	4076461	4076560	2e-42	  180
92643	gi|313848522|emb|AM946981.2|	97.73	88	1	1	1	88	228111	228197	1e-33	  150
92643	gi|313848522|emb|AM946981.2|	97.73	88	1	1	1	88	3288419	3288333	1e-33	  150
92643	gi|313848522|emb|AM946981.2|	97.73	88	1	1	1	88	3943845	3943931	1e-33	  150
92643	gi|307625127|gb|CP002167.1|	100.00	100	0	0	1	100	768573	768672	4e-44	  185
92643	gi|307625127|gb|CP002167.1|	100.00	100	0	0	1	100	3438767	3438668	4e-44	  185
92643	gi|307625127|gb|CP002167.1|	100.00	100	0	0	1	100	3946244	3946343	4e-44	  185
92643	gi|307625127|gb|CP002167.1|	100.00	100	0	0	1	100	4199152	4199251	4e-44	  185
92643	gi|307625127|gb|CP002167.1|	97.73	88	1	1	1	88	4064652	4064738	1e-33	  150
92643	gi|307625127|gb|CP002167.1|	96.59	88	2	1	1	88	4990779	4990865	6e-32	  145
92643	gi|307625127|gb|CP002167.1|	94.32	88	4	1	1	88	3387112	3387026	1e-28	  134
92643	gi|307551844|gb|CP001671.1|	100.00	100	0	0	1	100	4313185	4313284	4e-44	  185
92643	gi|307551844|gb|CP001671.1|	100.00	100	0	0	1	100	4569429	4569528	4e-44	  185
92643	gi|307551844|gb|CP001671.1|	100.00	100	0	0	1	100	4609600	4609699	4e-44	  185
92643	gi|307551844|gb|CP001671.1|	97.00	100	3	0	1	100	2962982	2962883	4e-39	  169
92643	gi|307551844|gb|CP001671.1|	97.73	88	1	1	1	88	232549	232635	1e-33	  150
92643	gi|307551844|gb|CP001671.1|	97.73	88	1	1	1	88	3763010	3762924	1e-33	  150
92643	gi|307551844|gb|CP001671.1|	95.45	88	3	1	1	88	4431530	4431616	3e-30	  139
92643	gi|296142109|gb|CP001509.3|	100.00	100	0	0	1	100	2596164	2596065	4e-44	  185
92643	gi|296142109|gb|CP001509.3|	100.00	100	0	0	1	100	3833562	3833661	4e-44	  185
92643	gi|296142109|gb|CP001509.3|	100.00	100	0	0	1	100	4117681	4117780	4e-44	  185
92643	gi|296142109|gb|CP001509.3|	99.00	100	1	0	1	100	4076467	4076566	2e-42	  180
92643	gi|296142109|gb|CP001509.3|	97.73	88	1	1	1	88	228117	228203	1e-33	  150
92643	gi|296142109|gb|CP001509.3|	97.73	88	1	1	1	88	3288425	3288339	1e-33	  150
92643	gi|296142109|gb|CP001509.3|	97.73	88	1	1	1	88	3943851	3943937	1e-33	  150
92643	gi|294489418|gb|CP001969.1|	100.00	100	0	0	1	100	3027364	3027265	4e-44	  185
92643	gi|294489418|gb|CP001969.1|	100.00	100	0	0	1	100	4317076	4317175	4e-44	  185
92643	gi|294489418|gb|CP001969.1|	100.00	100	0	0	1	100	4569996	4570095	4e-44	  185
92643	gi|294489418|gb|CP001969.1|	100.00	100	0	0	1	100	4610165	4610264	4e-44	  185
92643	gi|294489418|gb|CP001969.1|	96.59	88	2	1	1	88	229947	230033	6e-32	  145
92643	gi|294489418|gb|CP001969.1|	96.59	88	2	1	1	88	3798125	3798039	6e-32	  145
92643	gi|294489418|gb|CP001969.1|	95.45	88	3	1	1	88	4435487	4435573	3e-30	  139
92643	gi|284919779|emb|FN554766.1|	100.00	100	0	0	1	100	4642808	4642907	4e-44	  185
92643	gi|284919779|emb|FN554766.1|	97.00	100	3	0	1	100	2985555	2985456	4e-39	  169
92643	gi|284919779|emb|FN554766.1|	97.00	100	3	0	1	100	4408875	4408974	4e-39	  169
92643	gi|284919779|emb|FN554766.1|	97.00	100	3	0	1	100	4684051	4684150	4e-39	  169
92643	gi|284919779|emb|FN554766.1|	97.73	88	1	1	1	88	230127	230213	1e-33	  150
92643	gi|284919779|emb|FN554766.1|	97.73	88	1	1	1	88	4509407	4509493	1e-33	  150
92643	gi|284919779|emb|FN554766.1|	94.32	88	4	1	1	88	3788624	3788538	1e-28	  134
92643	gi|281177210|dbj|AP009378.1|	100.00	100	0	0	1	100	2653539	2653440	4e-44	  185
92643	gi|281177210|dbj|AP009378.1|	100.00	100	0	0	1	100	3904269	3904368	4e-44	  185
92643	gi|281177210|dbj|AP009378.1|	100.00	100	0	0	1	100	4018782	4018881	4e-44	  185
92643	gi|281177210|dbj|AP009378.1|	100.00	100	0	0	1	100	4201896	4201995	4e-44	  185
92643	gi|281177210|dbj|AP009378.1|	96.59	88	2	1	1	88	242549	242635	6e-32	  145
92643	gi|281177210|dbj|AP009378.1|	96.59	88	2	1	1	88	3385988	3385902	6e-32	  145
92643	gi|281177210|dbj|AP009378.1|	96.59	88	2	1	1	88	4161630	4161716	6e-32	  145
92643	gi|257762509|dbj|AP010960.1|	100.00	100	0	0	1	100	4855449	4855548	4e-44	  185
92643	gi|257762509|dbj|AP010960.1|	100.00	100	0	0	1	100	4896830	4896929	4e-44	  185
92643	gi|257762509|dbj|AP010960.1|	99.00	100	1	0	1	100	4619643	4619742	2e-42	  180
92643	gi|257762509|dbj|AP010960.1|	96.00	100	4	0	1	100	3290232	3290133	2e-37	  163
92643	gi|257762509|dbj|AP010960.1|	97.73	88	1	1	1	88	4098159	4098073	1e-33	  150
92643	gi|257762509|dbj|AP010960.1|	97.73	88	1	1	1	88	4716928	4717014	1e-33	  150
92643	gi|257762509|dbj|AP010960.1|	95.45	88	3	1	1	88	226578	226664	3e-30	  139
92643	gi|257751862|dbj|AP010953.1|	100.00	100	0	0	1	100	4840189	4840090	4e-44	  185
92643	gi|257751862|dbj|AP010953.1|	99.00	100	1	0	1	100	5133762	5133861	2e-42	  180
92643	gi|257751862|dbj|AP010953.1|	98.00	100	2	0	1	100	5175143	5175242	8e-41	  174
92643	gi|257751862|dbj|AP010953.1|	96.00	100	4	0	1	100	3578587	3578488	2e-37	  163
92643	gi|257751862|dbj|AP010953.1|	97.73	88	1	1	1	88	4360463	4360377	1e-33	  150
92643	gi|257751862|dbj|AP010953.1|	97.73	88	1	1	1	88	4742876	4742790	1e-33	  150
92643	gi|257751862|dbj|AP010953.1|	95.45	88	3	1	1	88	229049	229135	3e-30	  139
92643	gi|254590536|gb|CP001368.1|	100.00	100	0	0	1	100	4795897	4795996	4e-44	  185
92643	gi|254590536|gb|CP001368.1|	100.00	100	0	0	1	100	5036607	5036706	4e-44	  185
92643	gi|254590536|gb|CP001368.1|	100.00	100	0	0	1	100	5077633	5077732	4e-44	  185
92643	gi|254590536|gb|CP001368.1|	98.00	100	2	0	1	100	3508755	3508656	8e-41	  174
92643	gi|254590536|gb|CP001368.1|	97.73	88	1	1	1	88	228590	228676	1e-33	  150
92643	gi|254590536|gb|CP001368.1|	97.73	88	1	1	1	88	4221389	4221303	1e-33	  150
92643	gi|254590536|gb|CP001368.1|	95.45	88	3	1	1	88	4892336	4892422	3e-30	  139
92643	gi|253972022|gb|CP000819.1|	100.00	100	0	0	1	100	2651057	2650958	4e-44	  185
92643	gi|253972022|gb|CP000819.1|	100.00	100	0	0	1	100	3905122	3905221	4e-44	  185
92643	gi|253972022|gb|CP000819.1|	100.00	100	0	0	1	100	4189241	4189340	4e-44	  185
92643	gi|253972022|gb|CP000819.1|	99.00	100	1	0	1	100	4148027	4148126	2e-42	  180
92643	gi|253972022|gb|CP000819.1|	97.73	88	1	1	1	88	228116	228202	1e-33	  150
92643	gi|253972022|gb|CP000819.1|	97.73	88	1	1	1	88	3355160	3355074	1e-33	  150
92643	gi|253972022|gb|CP000819.1|	97.73	88	1	1	1	88	4015411	4015497	1e-33	  150
92643	gi|253322479|gb|CP001665.1|	100.00	100	0	0	1	100	1143740	1143839	4e-44	  185
92643	gi|253322479|gb|CP001665.1|	100.00	100	0	0	1	100	4224792	4224693	4e-44	  185
92643	gi|253322479|gb|CP001665.1|	100.00	100	0	0	1	100	4510248	4510149	4e-44	  185
92643	gi|253322479|gb|CP001665.1|	99.00	100	1	0	1	100	4266005	4265906	2e-42	  180
92643	gi|253322479|gb|CP001665.1|	97.73	88	1	1	1	88	485379	485465	1e-33	  150
92643	gi|253322479|gb|CP001665.1|	97.73	88	1	1	1	88	3554267	3554181	1e-33	  150
92643	gi|253322479|gb|CP001665.1|	97.73	88	1	1	1	88	4399959	4399873	1e-33	  150
92643	gi|218368405|emb|CU928164.2|	100.00	100	0	0	1	100	2905519	2905420	4e-44	  185
92643	gi|218368405|emb|CU928164.2|	100.00	100	0	0	1	100	3137790	3137691	4e-44	  185
92643	gi|218368405|emb|CU928164.2|	100.00	100	0	0	1	100	4548223	4548322	4e-44	  185
92643	gi|218368405|emb|CU928164.2|	100.00	100	0	0	1	100	4594812	4594911	4e-44	  185
92643	gi|218368405|emb|CU928164.2|	97.73	88	1	1	1	88	480988	480902	1e-33	  150
92643	gi|218368405|emb|CU928164.2|	97.73	88	1	1	1	88	3283082	3282996	1e-33	  150
92643	gi|218368405|emb|CU928164.2|	95.45	88	3	1	1	88	3941631	3941545	3e-30	  139
92643	gi|218363708|emb|CU928161.2|	100.00	100	0	0	1	100	2772093	2771994	4e-44	  185
92643	gi|218363708|emb|CU928161.2|	100.00	100	0	0	1	100	4151688	4151787	4e-44	  185
92643	gi|218363708|emb|CU928161.2|	100.00	100	0	0	1	100	4404539	4404638	4e-44	  185
92643	gi|218363708|emb|CU928161.2|	100.00	100	0	0	1	100	4444709	4444808	4e-44	  185
92643	gi|218363708|emb|CU928161.2|	96.59	88	2	1	1	88	230030	230116	6e-32	  145
92643	gi|218363708|emb|CU928161.2|	95.45	88	3	1	1	88	4269932	4270018	3e-30	  139
92643	gi|218363708|emb|CU928161.2|	94.32	88	4	1	1	88	3632762	3632676	1e-28	  134
92643	gi|215263233|emb|FM180568.1|	100.00	100	0	0	1	100	2960565	2960466	4e-44	  185
92643	gi|215263233|emb|FM180568.1|	100.00	100	0	0	1	100	3696409	3696310	4e-44	  185
92643	gi|215263233|emb|FM180568.1|	100.00	100	0	0	1	100	4239932	4240031	4e-44	  185
92643	gi|215263233|emb|FM180568.1|	100.00	100	0	0	1	100	4498808	4498907	4e-44	  185
92643	gi|215263233|emb|FM180568.1|	96.59	88	2	1	1	88	235233	235319	6e-32	  145
92643	gi|215263233|emb|FM180568.1|	96.59	88	2	1	1	88	4353314	4353400	6e-32	  145
92643	gi|215263233|emb|FM180568.1|	96.59	88	2	1	1	88	4538990	4539076	6e-32	  145
92643	gi|209157093|gb|CP001164.1|	100.00	100	0	0	1	100	4839854	4839953	4e-44	  185
92643	gi|209157093|gb|CP001164.1|	100.00	100	0	0	1	100	5080547	5080646	4e-44	  185
92643	gi|209157093|gb|CP001164.1|	100.00	100	0	0	1	100	5121573	5121672	4e-44	  185
92643	gi|209157093|gb|CP001164.1|	98.00	100	2	0	1	100	3553878	3553779	8e-41	  174
92643	gi|209157093|gb|CP001164.1|	97.73	88	1	1	1	88	228590	228676	1e-33	  150
92643	gi|209157093|gb|CP001164.1|	97.73	88	1	1	1	88	4265348	4265262	1e-33	  150
92643	gi|209157093|gb|CP001164.1|	95.45	88	3	1	1	88	4936276	4936362	3e-30	  139
92643	gi|187427012|gb|CP001063.1|	100.00	100	0	0	1	100	3885603	3885504	4e-44	  185
92643	gi|187427012|gb|CP001063.1|	100.00	100	0	0	1	100	4168496	4168595	4e-44	  185
92643	gi|187427012|gb|CP001063.1|	100.00	100	0	0	1	100	4210491	4210590	4e-44	  185
92643	gi|187427012|gb|CP001063.1|	97.00	100	3	0	1	100	2776121	2776022	4e-39	  169
92643	gi|187427012|gb|CP001063.1|	97.73	88	1	1	1	88	212152	212238	1e-33	  150
92643	gi|187427012|gb|CP001063.1|	97.73	88	1	1	1	88	3406809	3406723	1e-33	  150
92643	gi|187427012|gb|CP001063.1|	97.73	88	1	1	1	88	4041627	4041713	1e-33	  150
92643	gi|151573007|gb|EF527442.1|	100.00	100	0	0	1	100	17	116	4e-44	  185
92643	gi|151573006|gb|EF527441.1|	100.00	100	0	0	1	100	17	116	4e-44	  185
92643	gi|115511419|gb|CP000468.1|	100.00	100	0	0	1	100	230007	230106	4e-44	  185
92643	gi|115511419|gb|CP000468.1|	100.00	100	0	0	1	100	4236980	4237079	4e-44	  185
92643	gi|115511419|gb|CP000468.1|	99.00	100	1	0	1	100	4530173	4530272	5e-43	  182
92643	gi|115511419|gb|CP000468.1|	99.00	100	1	0	1	100	4489900	4489999	2e-42	  180
92643	gi|115511419|gb|CP000468.1|	95.45	88	3	1	1	88	3717972	3717886	3e-30	  139
92643	gi|115511419|gb|CP000468.1|	95.45	88	3	1	1	88	4355383	4355469	3e-30	  139
92643	gi|115511419|gb|CP000468.1|	94.32	88	4	1	1	88	2888865	2888779	1e-28	  134
92643	gi|110341805|gb|CP000247.1|	100.00	100	0	0	1	100	229438	229537	4e-44	  185
92643	gi|110341805|gb|CP000247.1|	100.00	100	0	0	1	100	3536897	3536798	4e-44	  185
92643	gi|110341805|gb|CP000247.1|	100.00	100	0	0	1	100	4420546	4420645	4e-44	  185
92643	gi|110341805|gb|CP000247.1|	99.00	100	1	0	1	100	2737515	2737416	2e-42	  180
92643	gi|110341805|gb|CP000247.1|	99.00	100	1	0	1	100	4127105	4127204	2e-42	  180
92643	gi|110341805|gb|CP000247.1|	99.00	100	1	0	1	100	4380289	4380388	2e-42	  180
92643	gi|110341805|gb|CP000247.1|	96.59	88	2	1	1	88	4242899	4242985	6e-32	  145
92643	gi|91070629|gb|CP000243.1|	100.00	100	0	0	1	100	2873851	2873752	4e-44	  185
92643	gi|91070629|gb|CP000243.1|	100.00	100	0	0	1	100	3696694	3696595	4e-44	  185
92643	gi|91070629|gb|CP000243.1|	100.00	100	0	0	1	100	4204183	4204282	4e-44	  185
92643	gi|91070629|gb|CP000243.1|	100.00	100	0	0	1	100	4457874	4457973	4e-44	  185
92643	gi|91070629|gb|CP000243.1|	96.59	88	2	1	1	88	230031	230117	6e-32	  145
92643	gi|91070629|gb|CP000243.1|	95.45	88	3	1	1	88	4323365	4323451	3e-30	  139
92643	gi|91070629|gb|CP000243.1|	94.32	88	4	1	1	88	3645057	3644971	1e-28	  134
92643	gi|26111730|gb|AE014075.1|	100.00	100	0	0	1	100	236693	236792	4e-44	  185
92643	gi|26111730|gb|AE014075.1|	100.00	100	0	0	1	100	3858624	3858525	4e-44	  185
92643	gi|26111730|gb|AE014075.1|	99.00	100	1	0	1	100	4740836	4740935	5e-43	  182
92643	gi|26111730|gb|AE014075.1|	99.00	100	1	0	1	100	4700579	4700678	2e-42	  180
92643	gi|26111730|gb|AE014075.1|	98.00	100	2	0	1	100	4444348	4444447	8e-41	  174
92643	gi|26111730|gb|AE014075.1|	97.00	100	3	0	1	100	2992343	2992244	4e-39	  169
92643	gi|26111730|gb|AE014075.1|	95.45	88	3	1	1	88	4562702	4562788	3e-30	  139
92643	gi|47118301|dbj|BA000007.2|	100.00	100	0	0	1	100	4736759	4736858	4e-44	  185
92643	gi|47118301|dbj|BA000007.2|	100.00	100	0	0	1	100	4977434	4977533	4e-44	  185
92643	gi|47118301|dbj|BA000007.2|	100.00	100	0	0	1	100	5018460	5018559	4e-44	  185
92643	gi|47118301|dbj|BA000007.2|	98.00	100	2	0	1	100	3449769	3449670	8e-41	  174
92643	gi|47118301|dbj|BA000007.2|	97.73	88	1	1	1	88	228609	228695	1e-33	  150
92643	gi|47118301|dbj|BA000007.2|	97.73	88	1	1	1	88	4162268	4162182	1e-33	  150
92643	gi|47118301|dbj|BA000007.2|	95.45	88	3	1	1	88	4833161	4833247	3e-30	  139
92643	gi|81244029|gb|CP000036.1|	100.00	100	0	0	1	100	4068057	4068156	4e-44	  185
92643	gi|81244029|gb|CP000036.1|	98.00	100	2	0	1	100	3791522	3791621	8e-41	  174
92643	gi|81244029|gb|CP000036.1|	97.73	88	1	1	1	88	211254	211340	1e-33	  150
92643	gi|81244029|gb|CP000036.1|	97.73	88	1	1	1	88	2629347	2629261	1e-33	  150
92643	gi|81244029|gb|CP000036.1|	97.73	88	1	1	1	88	3275538	3275452	1e-33	  150
92643	gi|81244029|gb|CP000036.1|	97.73	88	1	1	1	88	3890312	3890398	1e-33	  150
92643	gi|81244029|gb|CP000036.1|	97.73	88	1	1	1	88	4026747	4026833	1e-33	  150
92643	gi|73854091|gb|CP000038.1|	100.00	100	0	0	1	100	2875907	2875808	4e-44	  185
92643	gi|73854091|gb|CP000038.1|	100.00	100	0	0	1	100	4149756	4149855	4e-44	  185
92643	gi|73854091|gb|CP000038.1|	100.00	100	0	0	1	100	4254292	4254391	4e-44	  185
92643	gi|73854091|gb|CP000038.1|	100.00	100	0	0	1	100	4387551	4387650	4e-44	  185
92643	gi|73854091|gb|CP000038.1|	100.00	100	0	0	1	100	4427845	4427944	4e-44	  185
92643	gi|73854091|gb|CP000038.1|	96.59	88	2	1	1	88	241591	241677	6e-32	  145
92643	gi|73854091|gb|CP000038.1|	96.59	88	2	1	1	88	3600056	3599970	6e-32	  145
92643	gi|56384585|gb|AE005174.2|	100.00	100	0	0	1	100	3519612	3519513	4e-44	  185
92643	gi|56384585|gb|AE005174.2|	100.00	100	0	0	1	100	4805739	4805838	4e-44	  185
92643	gi|56384585|gb|AE005174.2|	100.00	100	0	0	1	100	5046197	5046296	4e-44	  185
92643	gi|56384585|gb|AE005174.2|	99.00	100	1	0	1	100	5087206	5087305	5e-43	  182
92643	gi|56384585|gb|AE005174.2|	97.73	88	1	1	1	88	228610	228696	1e-33	  150
92643	gi|56384585|gb|AE005174.2|	97.73	88	1	1	1	88	4229490	4229404	1e-33	  150
92643	gi|56384585|gb|AE005174.2|	97.73	88	1	1	1	88	4901925	4902011	1e-33	  150
92643	gi|7415858|dbj|AB035924.1|	100.00	100	0	0	1	100	2455	2554	4e-44	  185
92643	gi|7415853|dbj|AB035922.1|	100.00	100	0	0	1	100	2486	2585	4e-44	  185
92643	gi|7415850|dbj|AB035921.1|	100.00	100	0	0	1	100	2515	2614	4e-44	  185
92643	gi|383796300|gb|CP003416.1|	99.00	100	1	0	1	100	3497483	3497384	2e-42	  180
92643	gi|383796300|gb|CP003416.1|	98.00	100	2	0	1	100	4242770	4242671	8e-41	  174
92643	gi|383796300|gb|CP003416.1|	96.00	100	4	0	1	100	17853	17952	2e-37	  163
92643	gi|383796300|gb|CP003416.1|	95.00	100	5	0	1	100	296578	296677	8e-36	  158
92643	gi|383796300|gb|CP003416.1|	97.62	84	1	1	1	84	112264	112346	2e-31	  143
92643	gi|383796300|gb|CP003416.1|	95.24	84	3	1	1	84	254533	254615	5e-28	  132
92643	gi|383796300|gb|CP003416.1|	95.24	84	3	1	1	84	1033090	1033172	5e-28	  132
92643	gi|383101383|gb|CP002291.1|	99.00	100	1	0	1	100	4252706	4252805	2e-42	  180
92643	gi|383101383|gb|CP002291.1|	99.00	100	1	0	1	100	4478700	4478799	2e-42	  180
92643	gi|383101383|gb|CP002291.1|	97.00	100	3	0	1	100	2942885	2942786	4e-39	  169
92643	gi|383101383|gb|CP002291.1|	97.00	100	3	0	1	100	4519912	4520011	4e-39	  169
92643	gi|383101383|gb|CP002291.1|	96.59	88	2	1	1	88	3693642	3693556	6e-32	  145
92643	gi|383101383|gb|CP002291.1|	96.59	88	2	1	1	88	4344620	4344706	6e-32	  145
92643	gi|383101383|gb|CP002291.1|	95.45	88	3	1	1	88	219186	219272	3e-30	  139
92643	gi|374356928|gb|CP003109.1|	99.00	100	1	0	1	100	4532722	4532821	2e-42	  180
92643	gi|374356928|gb|CP003109.1|	99.00	100	1	0	1	100	4773405	4773504	2e-42	  180
92643	gi|374356928|gb|CP003109.1|	99.00	100	1	0	1	100	4814429	4814528	2e-42	  180
92643	gi|374356928|gb|CP003109.1|	98.00	100	2	0	1	100	3201058	3200959	8e-41	  174
92643	gi|374356928|gb|CP003109.1|	97.73	88	1	1	1	88	228569	228655	1e-33	  150
92643	gi|374356928|gb|CP003109.1|	97.73	88	1	1	1	88	3959467	3959381	1e-33	  150
92643	gi|374356928|gb|CP003109.1|	97.73	88	1	1	1	88	4628868	4628954	1e-33	  150
92643	gi|359330873|dbj|AP012306.1|	99.00	100	1	0	1	100	3597379	3597478	2e-42	  180
92643	gi|359330873|dbj|AP012306.1|	99.00	100	1	0	1	100	3638867	3638966	2e-42	  180
92643	gi|359330873|dbj|AP012306.1|	98.00	100	2	0	1	100	3372528	3372627	8e-41	  174
92643	gi|359330873|dbj|AP012306.1|	97.00	100	3	0	1	100	2275277	2275178	4e-39	  169
92643	gi|359330873|dbj|AP012306.1|	97.73	88	1	1	1	88	214139	214225	1e-33	  150
92643	gi|359330873|dbj|AP012306.1|	97.73	88	1	1	1	88	2895107	2895021	1e-33	  150
92643	gi|359330873|dbj|AP012306.1|	95.45	88	3	1	1	88	3466251	3466337	3e-30	  139
92643	gi|332341332|gb|CP002729.1|	99.00	100	1	0	1	100	4446239	4446338	2e-42	  180
92643	gi|332341332|gb|CP002729.1|	97.73	88	1	1	1	88	228103	228189	1e-33	  150
92643	gi|332341332|gb|CP002729.1|	97.73	88	1	1	1	88	3141636	3141550	1e-33	  150
92643	gi|332341332|gb|CP002729.1|	97.73	88	1	1	1	88	3914650	3914564	1e-33	  150
92643	gi|332341332|gb|CP002729.1|	97.73	88	1	1	1	88	4554058	4554144	1e-33	  150
92643	gi|332341332|gb|CP002729.1|	97.73	88	1	1	1	88	4686660	4686746	1e-33	  150
92643	gi|332341332|gb|CP002729.1|	97.73	88	1	1	1	88	4728129	4728215	1e-33	  150
92643	gi|315134697|dbj|AP012030.1|	99.00	100	1	0	1	100	4147271	4147370	2e-42	  180
92643	gi|315134697|dbj|AP012030.1|	99.00	100	1	0	1	100	4188759	4188858	2e-42	  180
92643	gi|315134697|dbj|AP012030.1|	98.00	100	2	0	1	100	3922420	3922519	8e-41	  174
92643	gi|315134697|dbj|AP012030.1|	97.00	100	3	0	1	100	2707559	2707460	4e-39	  169
92643	gi|315134697|dbj|AP012030.1|	97.73	88	1	1	1	88	225279	225365	1e-33	  150
92643	gi|315134697|dbj|AP012030.1|	97.73	88	1	1	1	88	3405161	3405075	1e-33	  150
92643	gi|315134697|dbj|AP012030.1|	95.45	88	3	1	1	88	4016143	4016229	3e-30	  139
92643	gi|312944605|gb|CP001855.1|	99.00	100	1	0	1	100	2717636	2717537	2e-42	  180
92643	gi|312944605|gb|CP001855.1|	99.00	100	1	0	1	100	3964402	3964501	2e-42	  180
92643	gi|312944605|gb|CP001855.1|	99.00	100	1	0	1	100	4220534	4220633	2e-42	  180
92643	gi|312944605|gb|CP001855.1|	99.00	100	1	0	1	100	4260704	4260803	2e-42	  180
92643	gi|312944605|gb|CP001855.1|	97.73	88	1	1	1	88	229345	229431	1e-33	  150
92643	gi|312944605|gb|CP001855.1|	97.73	88	1	1	1	88	4080150	4080236	1e-33	  150
92643	gi|312944605|gb|CP001855.1|	93.18	88	5	1	1	88	3444585	3444499	6e-27	  128
92643	gi|309700213|emb|FN649414.1|	99.00	100	1	0	1	100	4365486	4365585	2e-42	  180
92643	gi|309700213|emb|FN649414.1|	99.00	100	1	0	1	100	4590673	4590772	2e-42	  180
92643	gi|309700213|emb|FN649414.1|	99.00	100	1	0	1	100	4632052	4632151	2e-42	  180
92643	gi|309700213|emb|FN649414.1|	97.00	100	3	0	1	100	3025251	3025152	4e-39	  169
92643	gi|309700213|emb|FN649414.1|	97.73	88	1	1	1	88	3813732	3813646	1e-33	  150
92643	gi|309700213|emb|FN649414.1|	96.59	88	2	1	1	88	228546	228632	6e-32	  145
92643	gi|309700213|emb|FN649414.1|	96.59	88	2	1	1	88	4459157	4459243	6e-32	  145
92643	gi|290760697|gb|CP001846.1|	99.00	100	1	0	1	100	4624280	4624379	2e-42	  180
92643	gi|290760697|gb|CP001846.1|	99.00	100	1	0	1	100	4906100	4906199	2e-42	  180
92643	gi|290760697|gb|CP001846.1|	98.00	100	2	0	1	100	3232305	3232206	8e-41	  174
92643	gi|290760697|gb|CP001846.1|	98.00	100	2	0	1	100	4865076	4865175	8e-41	  174
92643	gi|290760697|gb|CP001846.1|	97.73	88	1	1	1	88	228569	228655	1e-33	  150
92643	gi|290760697|gb|CP001846.1|	97.73	88	1	1	1	88	4050996	4050910	1e-33	  150
92643	gi|290760697|gb|CP001846.1|	97.73	88	1	1	1	88	4720436	4720522	1e-33	  150
92643	gi|260447279|gb|CP001637.1|	99.00	100	1	0	1	100	4304816	4304717	2e-42	  180
92643	gi|260447279|gb|CP001637.1|	99.00	100	1	0	1	100	4346304	4346205	2e-42	  180
92643	gi|260447279|gb|CP001637.1|	98.00	100	2	0	1	100	4571155	4571056	8e-41	  174
92643	gi|260447279|gb|CP001637.1|	97.00	100	3	0	1	100	1154112	1154211	4e-39	  169
92643	gi|260447279|gb|CP001637.1|	97.73	88	1	1	1	88	456509	456595	1e-33	  150
92643	gi|260447279|gb|CP001637.1|	97.73	88	1	1	1	88	3646100	3646014	1e-33	  150
92643	gi|260447279|gb|CP001637.1|	95.45	88	3	1	1	88	4477432	4477346	3e-30	  139
92643	gi|238859724|gb|CP001396.1|	99.00	100	1	0	1	100	4055858	4055957	2e-42	  180
92643	gi|238859724|gb|CP001396.1|	99.00	100	1	0	1	100	4097357	4097456	2e-42	  180
92643	gi|238859724|gb|CP001396.1|	98.00	100	2	0	1	100	3831007	3831106	8e-41	  174
92643	gi|238859724|gb|CP001396.1|	97.00	100	3	0	1	100	2613486	2613387	4e-39	  169
92643	gi|238859724|gb|CP001396.1|	97.73	88	1	1	1	88	225277	225363	1e-33	  150
92643	gi|238859724|gb|CP001396.1|	97.73	88	1	1	1	88	3312434	3312348	1e-33	  150
92643	gi|238859724|gb|CP001396.1|	95.45	88	3	1	1	88	3924730	3924816	3e-30	  139
92643	gi|226222430|gb|FJ823387.1|	99.00	100	1	0	1	100	519	618	2e-42	  180
92643	gi|222031834|emb|CU651637.1|	99.00	100	1	0	1	100	2709796	2709697	2e-42	  180
92643	gi|222031834|emb|CU651637.1|	99.00	100	1	0	1	100	3989343	3989442	2e-42	  180
92643	gi|222031834|emb|CU651637.1|	99.00	100	1	0	1	100	4245476	4245575	2e-42	  180
92643	gi|222031834|emb|CU651637.1|	99.00	100	1	0	1	100	4285646	4285745	2e-42	  180
92643	gi|222031834|emb|CU651637.1|	97.73	88	1	1	1	88	229003	229089	1e-33	  150
92643	gi|222031834|emb|CU651637.1|	97.73	88	1	1	1	88	4105091	4105177	1e-33	  150
92643	gi|222031834|emb|CU651637.1|	93.18	88	5	1	1	88	3470355	3470269	6e-27	  128
92643	gi|218425442|emb|CU928162.2|	99.00	100	1	0	1	100	2989904	2989805	2e-42	  180
92643	gi|218425442|emb|CU928162.2|	99.00	100	1	0	1	100	4380118	4380217	2e-42	  180
92643	gi|218425442|emb|CU928162.2|	99.00	100	1	0	1	100	4628769	4628868	2e-42	  180
92643	gi|218425442|emb|CU928162.2|	99.00	100	1	0	1	100	4668939	4669038	2e-42	  180
92643	gi|218425442|emb|CU928162.2|	96.59	88	2	1	1	88	230006	230092	6e-32	  145
92643	gi|218425442|emb|CU928162.2|	96.59	88	2	1	1	88	3868635	3868549	6e-32	  145
92643	gi|218425442|emb|CU928162.2|	96.59	88	2	1	1	88	4493911	4493997	6e-32	  145
92643	gi|194405610|gb|CP001120.1|	99.00	100	1	0	1	100	2808350	2808251	2e-42	  180
92643	gi|194405610|gb|CP001120.1|	98.00	100	2	0	1	100	3584795	3584696	8e-41	  174
92643	gi|194405610|gb|CP001120.1|	96.00	100	4	0	1	100	4111530	4111629	2e-37	  163
92643	gi|194405610|gb|CP001120.1|	94.00	100	6	0	1	100	4391586	4391685	4e-34	  152
92643	gi|194405610|gb|CP001120.1|	97.62	84	1	1	1	84	4205942	4206024	2e-31	  143
92643	gi|194405610|gb|CP001120.1|	95.24	84	3	1	1	84	4349442	4349524	5e-28	  132
92643	gi|194405610|gb|CP001120.1|	94.05	84	4	1	1	84	298417	298499	2e-26	  126
92643	gi|170787319|gb|J01695.2|ECORGNB	99.00	100	1	0	1	100	2775	2874	2e-42	  180
92643	gi|170517292|gb|CP000970.1|	99.00	100	1	0	1	100	2824618	2824519	2e-42	  180
92643	gi|170517292|gb|CP000970.1|	99.00	100	1	0	1	100	4223109	4223208	2e-42	  180
92643	gi|170517292|gb|CP000970.1|	99.00	100	1	0	1	100	4513989	4514088	2e-42	  180
92643	gi|170517292|gb|CP000970.1|	98.00	100	2	0	1	100	4554160	4554259	8e-41	  174
92643	gi|170517292|gb|CP000970.1|	97.00	100	3	0	1	100	4332083	4332182	4e-39	  169
92643	gi|170517292|gb|CP000970.1|	95.45	88	3	1	1	88	3654491	3654405	3e-30	  139
92643	gi|170517292|gb|CP000970.1|	94.32	88	4	1	1	88	234414	234500	1e-28	  134
92643	gi|169887498|gb|CP000948.1|	99.00	100	1	0	1	100	4265886	4265985	2e-42	  180
92643	gi|169887498|gb|CP000948.1|	99.00	100	1	0	1	100	4307373	4307472	2e-42	  180
92643	gi|169887498|gb|CP000948.1|	98.00	100	2	0	1	100	4040258	4040357	8e-41	  174
92643	gi|169887498|gb|CP000948.1|	97.00	100	3	0	1	100	2819437	2819338	4e-39	  169
92643	gi|169887498|gb|CP000948.1|	97.73	88	1	1	1	88	199382	199468	1e-33	  150
92643	gi|169887498|gb|CP000948.1|	97.73	88	1	1	1	88	3523022	3522936	1e-33	  150
92643	gi|169887498|gb|CP000948.1|	95.45	88	3	1	1	88	4133981	4134067	3e-30	  139
92643	gi|169752989|gb|CP000946.1|	99.00	100	1	0	1	100	4423619	4423520	2e-42	  180
92643	gi|169752989|gb|CP000946.1|	99.00	100	1	0	1	100	4463908	4463809	2e-42	  180
92643	gi|169752989|gb|CP000946.1|	98.00	100	2	0	1	100	4686673	4686574	8e-41	  174
92643	gi|169752989|gb|CP000946.1|	95.00	100	5	0	1	100	1183263	1183362	8e-36	  158
92643	gi|169752989|gb|CP000946.1|	97.73	88	1	1	1	88	467675	467761	1e-33	  150
92643	gi|169752989|gb|CP000946.1|	97.73	88	1	1	1	88	3774541	3774455	1e-33	  150
92643	gi|169752989|gb|CP000946.1|	97.73	88	1	1	1	88	4594818	4594732	1e-33	  150
92643	gi|158539094|gb|EU078567.1|	99.00	100	1	0	1	100	131	230	2e-42	  180
92643	gi|157065147|gb|CP000802.1|	99.00	100	1	0	1	100	3971726	3971825	2e-42	  180
92643	gi|157065147|gb|CP000802.1|	98.00	100	2	0	1	100	4197833	4197932	8e-41	  174
92643	gi|157065147|gb|CP000802.1|	98.00	100	2	0	1	100	4239215	4239314	8e-41	  174
92643	gi|157065147|gb|CP000802.1|	95.00	100	5	0	1	100	2769263	2769164	8e-36	  158
92643	gi|157065147|gb|CP000802.1|	97.73	88	1	1	1	88	3471598	3471512	1e-33	  150
92643	gi|157065147|gb|CP000802.1|	96.59	88	2	1	1	88	4067296	4067382	6e-32	  145
92643	gi|157065147|gb|CP000802.1|	94.57	92	4	1	1	92	224667	224757	8e-31	  141
92643	gi|85674274|dbj|AP009048.1|	99.00	100	1	0	1	100	3427027	3426928	2e-42	  180
92643	gi|85674274|dbj|AP009048.1|	99.00	100	1	0	1	100	3468515	3468416	2e-42	  180
92643	gi|85674274|dbj|AP009048.1|	98.00	100	2	0	1	100	3693366	3693267	8e-41	  174
92643	gi|85674274|dbj|AP009048.1|	97.00	100	3	0	1	100	2728306	2728207	4e-39	  169
92643	gi|85674274|dbj|AP009048.1|	97.73	88	1	1	1	88	225278	225364	1e-33	  150
92643	gi|85674274|dbj|AP009048.1|	97.73	88	1	1	1	88	4213161	4213247	1e-33	  150
92643	gi|85674274|dbj|AP009048.1|	95.45	88	3	1	1	88	3599643	3599557	3e-30	  139
92643	gi|48994873|gb|U00096.2|	99.00	100	1	0	1	100	4166189	4166288	2e-42	  180
92643	gi|48994873|gb|U00096.2|	99.00	100	1	0	1	100	4207677	4207776	2e-42	  180
92643	gi|48994873|gb|U00096.2|	98.00	100	2	0	1	100	3941338	3941437	8e-41	  174
92643	gi|48994873|gb|U00096.2|	97.00	100	3	0	1	100	2727672	2727573	4e-39	  169
92643	gi|48994873|gb|U00096.2|	97.73	88	1	1	1	88	225278	225364	1e-33	  150
92643	gi|48994873|gb|U00096.2|	97.73	88	1	1	1	88	3425277	3425191	1e-33	  150
92643	gi|48994873|gb|U00096.2|	95.45	88	3	1	1	88	4035061	4035147	3e-30	  139
92643	gi|82524134|emb|AM158281.1|	99.00	100	1	0	1	100	688	589	2e-42	  180
92643	gi|2073407|emb|V00348.1|	99.00	100	1	0	1	100	3025	3124	2e-42	  180
92643	gi|1684862|gb|U72488.1|CVU72488	99.00	100	1	0	1	100	8964	8865	2e-42	  180
92643	gi|409785|gb|U00006.1|ECOUW89	99.00	100	1	0	1	100	33408	33507	2e-42	  180
92643	gi|409785|gb|U00006.1|ECOUW89	99.00	100	1	0	1	100	74895	74994	2e-42	  180
92643	gi|407062746|gb|CP003301.1|	98.00	100	2	0	1	100	4971946	4971847	8e-41	  174
92643	gi|407062746|gb|CP003301.1|	98.00	100	2	0	1	100	5013327	5013228	8e-41	  174
92643	gi|407062746|gb|CP003301.1|	98.00	100	2	0	1	100	5247881	5247782	8e-41	  174
92643	gi|407062746|gb|CP003301.1|	94.00	100	6	0	1	100	1323487	1323586	4e-34	  152
92643	gi|407062746|gb|CP003301.1|	95.45	88	3	1	1	88	4261453	4261367	3e-30	  139
92643	gi|407062746|gb|CP003301.1|	95.45	88	3	1	1	88	5150537	5150451	3e-30	  139
92643	gi|407062746|gb|CP003301.1|	94.32	88	4	1	1	88	519587	519673	1e-28	  134
92643	gi|406775301|gb|CP003297.1|	98.00	100	2	0	1	100	4912427	4912328	8e-41	  174
92643	gi|406775301|gb|CP003297.1|	98.00	100	2	0	1	100	5188453	5188354	8e-41	  174
92643	gi|406775301|gb|CP003297.1|	94.00	100	6	0	1	100	1333745	1333844	4e-34	  152
92643	gi|406775301|gb|CP003297.1|	94.00	100	6	0	1	100	4953898	4953799	4e-34	  152
92643	gi|406775301|gb|CP003297.1|	95.45	88	3	1	1	88	4202482	4202396	3e-30	  139
92643	gi|406775301|gb|CP003297.1|	95.45	88	3	1	1	88	5091108	5091022	3e-30	  139
92643	gi|406775301|gb|CP003297.1|	94.32	88	4	1	1	88	530915	531001	1e-28	  134
92643	gi|342360612|gb|AE005674.2|	98.00	100	2	0	1	100	3410048	3409949	8e-41	  174
92643	gi|342360612|gb|AE005674.2|	98.00	100	2	0	1	100	3952797	3952896	8e-41	  174
92643	gi|342360612|gb|AE005674.2|	98.00	100	2	0	1	100	4049988	4050087	8e-41	  174
92643	gi|342360612|gb|AE005674.2|	98.00	100	2	0	1	100	4188177	4188276	8e-41	  174
92643	gi|342360612|gb|AE005674.2|	98.00	100	2	0	1	100	4228615	4228714	8e-41	  174
92643	gi|342360612|gb|AE005674.2|	95.45	88	3	1	1	88	216175	216261	3e-30	  139
92643	gi|342360612|gb|AE005674.2|	95.45	88	3	1	1	88	2726707	2726621	3e-30	  139
92643	gi|307714386|gb|HM483393.1|	98.00	100	2	0	1	100	863	764	8e-41	  174
92643	gi|281599365|gb|CP001383.1|	98.00	100	2	0	1	100	2764305	2764206	8e-41	  174
92643	gi|281599365|gb|CP001383.1|	98.00	100	2	0	1	100	3992537	3992636	8e-41	  174
92643	gi|281599365|gb|CP001383.1|	98.00	100	2	0	1	100	4227837	4227936	8e-41	  174
92643	gi|281599365|gb|CP001383.1|	98.00	100	2	0	1	100	4268272	4268371	8e-41	  174
92643	gi|281599365|gb|CP001383.1|	95.45	88	3	1	1	88	215661	215747	3e-30	  139
92643	gi|281599365|gb|CP001383.1|	95.45	88	3	1	1	88	3449137	3449051	3e-30	  139
92643	gi|281599365|gb|CP001383.1|	95.45	88	3	1	1	88	4089720	4089806	3e-30	  139
92643	gi|257757386|dbj|AP010958.1|	98.00	100	2	0	1	100	4519748	4519649	8e-41	  174
92643	gi|257757386|dbj|AP010958.1|	98.00	100	2	0	1	100	4878719	4878818	8e-41	  174
92643	gi|257757386|dbj|AP010958.1|	98.00	100	2	0	1	100	4919181	4919280	8e-41	  174
92643	gi|257757386|dbj|AP010958.1|	95.00	100	5	0	1	100	3217679	3217580	8e-36	  158
92643	gi|257757386|dbj|AP010958.1|	95.45	88	3	1	1	88	225789	225875	3e-30	  139
92643	gi|257757386|dbj|AP010958.1|	95.45	88	3	1	1	88	4104030	4103944	3e-30	  139
92643	gi|257757386|dbj|AP010958.1|	95.45	88	3	1	1	88	4422464	4422378	3e-30	  139
92643	gi|218430358|emb|CU928163.2|	98.00	100	2	0	1	100	4430182	4430281	8e-41	  174
92643	gi|218430358|emb|CU928163.2|	97.00	100	3	0	1	100	3022560	3022461	4e-39	  169
92643	gi|218430358|emb|CU928163.2|	97.00	100	3	0	1	100	4657552	4657651	4e-39	  169
92643	gi|218430358|emb|CU928163.2|	97.00	100	3	0	1	100	4698646	4698745	4e-39	  169
92643	gi|218430358|emb|CU928163.2|	97.73	88	1	1	1	88	228128	228214	1e-33	  150
92643	gi|218430358|emb|CU928163.2|	97.73	88	1	1	1	88	3873516	3873430	1e-33	  150
92643	gi|218430358|emb|CU928163.2|	94.32	88	4	1	1	88	4523696	4523782	1e-28	  134
92643	gi|218359353|emb|CU928160.2|	98.00	100	2	0	1	100	4019731	4019830	8e-41	  174
92643	gi|218359353|emb|CU928160.2|	98.00	100	2	0	1	100	4257397	4257496	8e-41	  174
92643	gi|218359353|emb|CU928160.2|	98.00	100	2	0	1	100	4298780	4298879	8e-41	  174
92643	gi|218359353|emb|CU928160.2|	95.00	100	5	0	1	100	2796715	2796616	8e-36	  158
92643	gi|218359353|emb|CU928160.2|	97.73	88	1	1	1	88	3508316	3508230	1e-33	  150
92643	gi|218359353|emb|CU928160.2|	95.45	88	3	1	1	88	224637	224723	3e-30	  139
92643	gi|218359353|emb|CU928160.2|	95.45	88	3	1	1	88	4116972	4117058	3e-30	  139
92643	gi|218350208|emb|CU928145.2|	98.00	100	2	0	1	100	4323608	4323707	8e-41	  174
92643	gi|218350208|emb|CU928145.2|	98.00	100	2	0	1	100	4558111	4558210	8e-41	  174
92643	gi|218350208|emb|CU928145.2|	98.00	100	2	0	1	100	4599492	4599591	8e-41	  174
92643	gi|218350208|emb|CU928145.2|	94.00	100	6	0	1	100	2952897	2952798	4e-34	  152
92643	gi|218350208|emb|CU928145.2|	95.45	88	3	1	1	88	225773	225859	3e-30	  139
92643	gi|218350208|emb|CU928145.2|	95.45	88	3	1	1	88	3776895	3776809	3e-30	  139
92643	gi|218350208|emb|CU928145.2|	95.45	88	3	1	1	88	4420905	4420991	3e-30	  139
92643	gi|209910450|dbj|AP009240.1|	98.00	100	2	0	1	100	4197464	4197563	8e-41	  174
92643	gi|209910450|dbj|AP009240.1|	96.00	100	4	0	1	100	4479206	4479305	2e-37	  163
92643	gi|209910450|dbj|AP009240.1|	95.00	100	5	0	1	100	2988452	2988353	8e-36	  158
92643	gi|209910450|dbj|AP009240.1|	97.73	88	1	1	1	88	3690158	3690072	1e-33	  150
92643	gi|209910450|dbj|AP009240.1|	97.73	88	1	1	1	88	4297545	4297631	1e-33	  150
92643	gi|209910450|dbj|AP009240.1|	97.73	88	1	1	1	88	4437731	4437817	1e-33	  150
92643	gi|209910450|dbj|AP009240.1|	95.45	88	3	1	1	88	227034	227120	3e-30	  139
92643	gi|189397236|gb|EU721606.1|	98.00	100	2	0	1	100	104	203	8e-41	  174
92643	gi|157076741|gb|CP000800.1|	98.00	100	2	0	1	100	4265212	4265311	8e-41	  174
92643	gi|157076741|gb|CP000800.1|	98.00	100	2	0	1	100	4505278	4505377	8e-41	  174
92643	gi|157076741|gb|CP000800.1|	98.00	100	2	0	1	100	4546659	4546758	8e-41	  174
92643	gi|157076741|gb|CP000800.1|	95.00	100	5	0	1	100	2879278	2879179	8e-36	  158
92643	gi|157076741|gb|CP000800.1|	97.73	88	1	1	1	88	227139	227225	1e-33	  150