# blastn
# Iteration: 0
# Query: 
# RID: PSGXU8ZY01N
# Database: nr
# Fields: query id, subject ids, % identity, alignment length, mismatches, gap opens, q. start, q. end, s. start, s. end, evalue, bit score
# 100 hits found
25789	gi|41584196|gb|AE017198.1|	100.00	1632	0	0	1	1632	502509	504140	0.0	3014
25789	gi|8489166|gb|AF214488.1|AF214488	98.78	1633	18	2	1	1632	967	2598	0.0	2904
25789	gi|262396937|emb|FN298497.1|	98.41	1632	26	0	1	1632	412091	413722	0.0	2870
25789	gi|116094265|gb|CP000413.1|	95.24	1637	68	9	1	1632	425524	427155	0.0	2582
25789	gi|312275363|gb|CP002338.1|	84.71	1602	162	76	1	1562	403452	405010	0.0	1524
25789	gi|158967071|gb|CP000033.3|	84.41	1623	160	86	1	1578	379705	381279	0.0	1509
25789	gi|160347623|gb|CP000517.1|	83.91	1603	173	81	1	1562	408372	409930	0.0	1452
25789	gi|15419945|gb|AF300645.1|AF300645	83.67	1635	162	91	1	1578	618	2204	0.0	1443
25789	gi|323465557|gb|CP002429.1|	83.78	1603	175	81	1	1562	393232	394790	0.0	1441
25789	gi|111610178|gb|DQ826073.1|	83.77	1602	177	80	1	1562	339	1897	0.0	1441
25789	gi|3093748|gb|AF031929.1|AF031929	83.77	1602	177	80	1	1562	715	2273	0.0	1441
25789	gi|295029968|emb|FN692037.1|	83.17	1610	172	95	1	1562	391450	393008	0.0	1380
25789	gi|258588860|gb|FJ577613.1|	99.28	552	4	0	271	822	1	552	0.0	 998
25789	gi|73764930|gb|DQ106291.1|	99.28	552	4	0	271	822	1	552	0.0	 998
25789	gi|49618156|gb|AY562723.1|	99.28	552	4	0	271	822	1	552	0.0	 998
25789	gi|73764932|gb|DQ106292.1|	99.09	552	5	0	271	822	1	552	0.0	 992
25789	gi|73764864|gb|DQ106258.1|	99.09	552	5	0	271	822	1	552	0.0	 992
25789	gi|73764666|gb|DQ106159.1|	99.09	552	5	0	271	822	1	552	0.0	 992
25789	gi|73764576|gb|DQ106114.1|	99.09	552	5	0	271	822	1	552	0.0	 992
25789	gi|56682569|gb|AY835626.1|	99.09	552	5	0	271	822	1	552	0.0	 992
25789	gi|56682567|gb|AY835625.1|	99.09	552	5	0	271	822	1	552	0.0	 992
25789	gi|56682563|gb|AY835623.1|	99.09	552	5	0	271	822	1	552	0.0	 992
25789	gi|49618466|gb|AY562878.1|	99.09	552	5	0	271	822	1	552	0.0	 992
25789	gi|49618402|gb|AY562846.1|	99.09	552	5	0	271	822	1	552	0.0	 992
25789	gi|49618400|gb|AY562845.1|	99.09	552	5	0	271	822	1	552	0.0	 992
25789	gi|49618218|gb|AY562754.1|	99.09	552	5	0	271	822	1	552	0.0	 992
25789	gi|49618148|gb|AY562719.1|	99.09	552	5	0	271	822	1	552	0.0	 992
25789	gi|49618258|gb|AY562774.1|	99.09	551	5	0	271	821	1	551	0.0	 990
25789	gi|49618394|gb|AY562842.1|	98.91	552	6	0	271	822	1	552	0.0	 987
25789	gi|49618382|gb|AY562836.1|	98.91	552	6	0	271	822	1	552	0.0	 987
25789	gi|49618234|gb|AY562762.1|	98.91	552	6	0	271	822	1	552	0.0	 987
25789	gi|49618162|gb|AY562726.1|	98.91	552	6	0	271	822	1	552	0.0	 987
25789	gi|49618108|gb|AY562699.1|	98.91	552	6	0	271	822	1	552	0.0	 987
25789	gi|49618416|gb|AY562853.1|	98.73	552	7	0	271	822	1	552	0.0	 981
25789	gi|49618374|gb|AY562832.1|	98.73	552	7	0	271	822	1	552	0.0	 981
25789	gi|49618330|gb|AY562810.1|	98.73	552	7	0	271	822	1	552	0.0	 981
25789	gi|49618256|gb|AY562773.1|	98.91	549	6	0	274	822	4	552	0.0	 981
25789	gi|49618160|gb|AY562725.1|	98.73	552	7	0	271	822	1	552	0.0	 981
25789	gi|49618008|gb|AY562649.1|	98.73	552	7	0	271	822	1	552	0.0	 981
25789	gi|73764578|gb|DQ106115.1|	98.73	552	5	2	271	821	1	551	0.0	 979
25789	gi|146760838|gb|EF571589.1|	98.90	547	6	0	271	817	1	547	0.0	 977
25789	gi|49618436|gb|AY562863.1|	98.55	552	8	0	271	822	1	552	0.0	 976
25789	gi|49618396|gb|AY562843.1|	98.72	549	7	0	274	822	4	552	0.0	 976
25789	gi|49618062|gb|AY562676.1|	98.55	552	8	0	271	822	1	552	0.0	 976
25789	gi|49618490|gb|AY562890.1|	98.37	552	9	0	271	822	1	552	0.0	 970
25789	gi|49618326|gb|AY562808.1|	98.37	552	9	0	271	822	1	552	0.0	 970
25789	gi|49618056|gb|AY562673.1|	98.37	552	9	0	271	822	1	552	0.0	 970
25789	gi|49617978|gb|AY562634.1|	98.37	552	9	0	271	822	1	552	0.0	 970
25789	gi|49618360|gb|AY562825.1|	98.19	552	10	0	271	822	1	552	0.0	 965
25789	gi|49617980|gb|AY562635.1|	98.19	552	10	0	271	822	1	552	0.0	 965
25789	gi|49617930|gb|AY562610.1|	98.36	549	9	0	274	822	4	552	0.0	 965
25789	gi|49617900|gb|AY562595.1|	98.19	552	10	0	271	822	1	552	0.0	 965
25789	gi|49618404|gb|AY562847.1|	98.18	549	10	0	274	822	4	552	0.0	 959
25789	gi|49618150|gb|AY562720.1|	97.65	553	11	2	271	822	1	552	0.0	 948
25789	gi|183223999|dbj|AP007281.1|	77.99	1663	247	107	1	1605	401630	403231	0.0	 933
25789	gi|148530277|gb|CP000705.1|	77.99	1663	247	107	1	1605	401807	403408	0.0	 933
25789	gi|49618550|gb|AY562920.1|	97.10	552	16	0	271	822	1	552	0.0	 931
25789	gi|49618342|gb|AY562816.1|	97.09	550	14	2	274	822	4	552	0.0	 926
25789	gi|38018458|gb|AY424317.1|	99.80	500	1	0	301	800	1	500	0.0	 918
25789	gi|49618294|gb|AY562792.1|	96.57	554	15	4	271	822	1	552	0.0	 915
25789	gi|49618084|gb|AY562687.1|	96.72	549	18	0	274	822	4	552	0.0	 915
25789	gi|49617906|gb|AY562598.1|	96.57	554	15	4	271	822	1	552	0.0	 915
25789	gi|229221129|gb|FJ594053.1|	96.38	553	18	2	271	822	1	552	0.0	 909
25789	gi|146760840|gb|EF571590.1|	96.38	553	18	2	271	822	1	552	0.0	 909
25789	gi|49618254|gb|AY562772.1|	96.40	555	14	5	271	822	1	552	0.0	 909
25789	gi|49617924|gb|AY562607.1|	96.39	554	16	4	271	822	1	552	0.0	 909
25789	gi|258588806|gb|FJ577586.1|	96.38	552	18	2	271	821	1	551	0.0	 907
25789	gi|22121777|gb|AY123652.1|	96.20	552	21	0	271	822	1	552	0.0	 904
25789	gi|49618366|gb|AY562828.1|	96.36	550	18	2	274	822	4	552	0.0	 904
25789	gi|258588751|gb|FJ577558.1|	96.02	553	20	2	271	822	1	552	0.0	 898
25789	gi|51092501|gb|AY581749.1|	96.02	553	20	2	271	822	1	552	0.0	 898
25789	gi|49618288|gb|AY562789.1|	96.19	551	17	4	274	822	4	552	0.0	 898
25789	gi|300213939|gb|CP002034.1|	78.19	1568	228	99	52	1565	1248598	1247091	0.0	 896
25789	gi|90823077|gb|DQ444349.1|	78.17	1567	230	97	52	1565	52	1559	0.0	 896
25789	gi|90823057|gb|DQ444339.1|	78.19	1568	228	99	52	1565	52	1559	0.0	 896
25789	gi|49618540|gb|AY562915.1|	96.04	555	14	8	271	821	1	551	0.0	 896
25789	gi|258588864|gb|FJ577615.1|	95.83	552	23	0	271	822	1	552	0.0	 893
25789	gi|90823083|gb|DQ444352.1|	78.10	1566	233	95	52	1565	52	1559	0.0	 891
25789	gi|90823059|gb|DQ444340.1|	78.14	1569	227	101	52	1565	52	1559	0.0	 891
25789	gi|49617928|gb|AY562609.1|	95.68	556	16	8	271	822	1	552	0.0	 887
25789	gi|90823085|gb|DQ444353.1|	78.05	1567	232	97	52	1565	52	1559	0.0	 885
25789	gi|90823081|gb|DQ444351.1|	78.05	1567	232	97	52	1565	52	1559	0.0	 885
25789	gi|90823055|gb|DQ444338.1|	78.09	1570	226	101	52	1565	52	1559	0.0	 885
25789	gi|258588763|gb|FJ577564.1|	95.48	553	23	2	271	822	1	552	0.0	 881
25789	gi|90823061|gb|DQ444341.1|	77.67	1621	244	103	1	1565	1	1559	0.0	 880
25789	gi|90823069|gb|DQ444345.1|	77.95	1569	230	101	52	1565	52	1559	0.0	 874
25789	gi|90823067|gb|DQ444344.1|	77.95	1569	230	101	52	1565	52	1559	0.0	 874
25789	gi|90823065|gb|DQ444343.1|	77.95	1569	230	101	52	1565	52	1559	0.0	 874
25789	gi|90823063|gb|DQ444342.1|	77.95	1569	230	101	52	1565	52	1559	0.0	 874
25789	gi|51092495|gb|AY581746.1|	94.95	554	24	4	271	822	1	552	0.0	 865
25789	gi|90823053|gb|DQ444337.1|	77.81	1568	234	99	52	1565	52	1559	0.0	 863
25789	gi|90823051|gb|DQ444336.1|	77.81	1568	234	99	52	1565	52	1559	0.0	 863
25789	gi|90823049|gb|DQ444335.1|	77.81	1568	234	99	52	1565	52	1559	0.0	 863
25789	gi|49618070|gb|AY562680.1|	94.79	557	19	10	271	822	1	552	0.0	 859
25789	gi|90823047|gb|DQ444334.1|	77.74	1568	235	99	52	1565	52	1559	0.0	 857
25789	gi|90823045|gb|DQ444333.1|	77.74	1568	235	99	52	1565	52	1559	0.0	 857
25789	gi|90823043|gb|DQ444332.1|	77.74	1568	235	99	52	1565	52	1559	0.0	 857
25789	gi|90823041|gb|DQ444331.1|	77.74	1568	235	99	52	1565	52	1559	0.0	 857
25789	gi|90823039|gb|DQ444330.1|	77.74	1568	235	99	52	1565	52	1559	0.0	 857
25789	gi|90820184|gb|CP000233.1|	77.74	1568	235	99	52	1565	1247956	1246449	0.0	 857