# BLASTN 2.2.17 (Jun-24-2007)
# Query:  
# Database: nr
# Fields: query id, subject ids, % identity, alignment length, mismatches, gap opens, q. start, q. end, s. start, s. end, evalue, bit score
# 508 hits found
1	gi|27884304|dbj|AB100362.1|	99.60	499	2	0	1	499	1769	2267	0.0	 911
1	gi|13160418|emb|AJ292397.1|VCH292397	99.60	499	2	0	1	499	28	526	0.0	 911
1	gi|11933096|emb|AJ291800.1|VCH291800	99.60	499	2	0	1	499	78	576	0.0	 911
1	gi|11933110|emb|AJ291806.1|VCH291806	99.60	499	2	0	1	499	78	576	0.0	 911
1	gi|11933098|emb|AJ291801.1|VCH291801	99.60	499	2	0	1	499	78	576	0.0	 911
1	gi|118627604|emb|AM412780.1|	99.40	500	2	1	1	499	66	565	0.0	 905
1	gi|49424884|gb|AY555964.1|	99.60	496	2	0	1	496	25	520	0.0	 905
1	gi|66796173|dbj|AB214654.1|	99.40	499	2	1	1	499	1766	2263	0.0	 904
1	gi|59797389|gb|AY912487.1|	99.40	499	2	1	1	499	76	573	0.0	 904
1	gi|58892741|gb|AY903605.1|	99.40	499	2	1	1	499	40	537	0.0	 904
1	gi|11933103|emb|AJ291803.1|VCH291803	99.40	499	2	1	1	499	78	575	0.0	 904
1	gi|11933101|emb|AJ291802.1|VCH291802	99.40	499	2	1	1	499	78	575	0.0	 904
1	gi|13508841|emb|AJ303054.1|VCH303054	99.40	499	2	1	1	499	29	526	0.0	 904
1	gi|49424886|gb|AY555966.1|	99.40	498	2	1	1	498	24	520	0.0	 902
1	gi|11933106|emb|AJ291804.1|VCH291804	99.20	499	4	0	1	499	78	576	0.0	 900
1	gi|34420181|gb|AY273334.1|	99.39	492	3	0	1	492	28	519	0.0	 893
1	gi|4836220|gb|AF108468.1|	99.00	499	3	2	1	499	33	529	0.0	 893
1	gi|49424885|gb|AY555965.1|	99.00	498	4	1	1	498	24	520	0.0	 891
1	gi|11933108|emb|AJ291805.1|VCH291805	98.80	499	5	1	1	499	78	575	0.0	 887
1	gi|13160419|emb|AJ292398.1|VCH292398	95.96	495	11	3	1	492	28	516	0.0	 795
1	gi|13160420|emb|AJ292399.1|VCH292399	94.37	497	16	6	1	492	28	517	0.0	 752
1	gi|98990156|gb|DQ516079.1|	92.41	435	12	13	62	493	103	519	1e-168	 601
1	gi|146772352|gb|EF495097.1|	89.22	501	23	20	3	493	41	520	1e-167	 597
1	gi|98990158|gb|DQ516081.1|	92.18	435	13	14	62	493	102	518	5e-167	 595
1	gi|4768960|gb|AF139852.1|AF139852	92.17	434	15	12	62	493	102	518	5e-167	 595
1	gi|89242481|gb|DQ385622.1|	91.95	435	16	12	62	493	103	521	6e-166	 592
1	gi|4768961|gb|AF139853.1|AF139853	91.95	435	15	13	62	493	101	518	6e-166	 592
1	gi|4768959|gb|AF139851.1|AF139851	91.95	435	15	13	62	493	102	519	6e-166	 592
1	gi|55818538|gb|AY787728.1|	88.29	504	29	22	3	493	505	19	2e-161	 577
1	gi|13160428|emb|AJ292410.1|VBU292410	88.29	504	29	22	3	493	30	516	2e-161	 577
1	gi|111182419|gb|DQ836182.1|	88.40	500	26	21	3	492	50	527	2e-160	 573
1	gi|49424883|gb|AY555963.1|	90.54	444	24	14	61	492	94	531	8e-160	 571
1	gi|34100115|gb|AY354265.1|	88.12	505	29	23	3	493	510	23	8e-160	 571
1	gi|75172988|gb|DQ132810.1|	88.10	504	30	22	3	493	73	559	8e-160	 571
1	gi|13160426|emb|AJ292408.1|VSP292408	87.94	506	29	23	3	492	30	519	1e-158	 568
1	gi|117155683|gb|DQ888742.1|	90.34	445	24	14	61	492	131	569	4e-158	 566
1	gi|66796177|dbj|AB214658.1|	90.34	445	24	14	61	492	1836	2274	4e-158	 566
1	gi|66062946|gb|DQ011256.1|	90.34	445	24	14	61	492	60	498	4e-158	 566
1	gi|32328884|dbj|AB113353.1|	90.34	445	24	14	61	492	1837	2275	4e-158	 566
1	gi|13160425|emb|AJ292407.1|VSU292407	90.34	445	24	14	61	492	97	535	4e-158	 566
1	gi|13160424|emb|AJ292406.1|VSU292406	90.34	445	24	14	61	492	97	535	4e-158	 566
1	gi|13160422|emb|AJ292402.1|VSU292402	90.34	445	24	14	61	492	97	535	4e-158	 566
1	gi|13160151|emb|AJ292401.1|AAL292401	88.07	503	27	23	3	492	30	512	4e-158	 566
1	gi|13160421|emb|AJ292400.1|VCF292400	88.07	503	27	23	3	492	30	512	4e-158	 566
1	gi|13508840|emb|AJ303053.1|VSU303053	88.07	503	27	23	3	492	31	513	4e-158	 566
1	gi|111548641|dbj|AB268359.1|	90.66	439	17	17	62	488	1828	2254	5e-157	 562
1	gi|13160427|emb|AJ292409.1|VGO292409	87.72	505	31	23	3	493	30	517	5e-157	 562
1	gi|117155684|gb|DQ888743.1|	87.50	504	33	22	3	493	69	555	6e-156	 558
1	gi|20385333|gb|AF368501.1|	90.43	439	18	17	62	488	129	555	2e-155	 556
1	gi|27884303|dbj|AB100361.1|	90.43	439	18	17	62	488	1841	2267	2e-155	 556
1	gi|50846064|gb|AY646390.1|	90.37	436	14	17	62	488	146	562	1e-152	 547
1	gi|55139841|gb|AY624205.1|	89.75	439	17	21	62	488	103	525	3e-149	 536
1	gi|20385206|gb|AF368270.1|	89.32	440	25	21	61	491	126	552	4e-148	 532
1	gi|50846061|gb|AY646387.1|	88.74	453	24	22	61	499	147	586	5e-147	 529
1	gi|50846065|gb|AY646391.1|	89.47	437	19	17	62	488	146	565	2e-146	 527
1	gi|40788169|emb|AJ536574.1|CCI536574	89.09	440	26	21	61	491	98	524	2e-146	 527
1	gi|50846068|gb|AY646394.1|	89.47	437	16	19	62	488	146	562	6e-146	 525
1	gi|50846066|gb|AY646392.1|	89.32	440	17	18	62	488	146	568	6e-146	 525
1	gi|50846062|gb|AY646388.1|	88.64	449	28	19	61	499	147	582	6e-146	 525
1	gi|50846063|gb|AY646389.1|	88.74	444	23	22	61	490	147	577	1e-143	 518
1	gi|55139840|gb|AY624204.1|	88.20	449	30	19	61	499	105	540	1e-142	 514
1	gi|50846044|gb|AY646370.1|	88.20	449	30	19	61	499	148	583	1e-142	 514
1	gi|20385332|gb|AF368500.1|	88.20	449	30	19	61	499	127	562	1e-142	 514
1	gi|62736343|gb|AY913758.1|	88.13	455	25	21	61	499	125	566	1e-142	 514
1	gi|62736342|gb|AY913757.1|	88.13	455	25	21	61	499	125	566	1e-142	 514
1	gi|4090410|gb|U35305.1|BPU35305	85.85	516	35	27	3	499	36	532	1e-142	 514
1	gi|1771839|emb|Z54112.1|TP58SRR	85.85	516	35	27	3	499	36	532	1e-142	 514
1	gi|1143728|gb|U19039.1|BPU19039	85.83	515	36	26	3	499	41	536	5e-142	 512
1	gi|13160430|emb|AJ292412.1|RAN292412	87.86	453	25	18	62	488	133	581	8e-140	 505
1	gi|50846051|gb|AY646377.1|	85.80	514	24	27	3	488	25	517	4e-138	 499
1	gi|18073609|emb|AJ309333.1|MAN309333	85.26	529	27	35	3	499	81	590	1e-137	 497
1	gi|18073608|emb|AJ309332.1|CBR309332	85.26	529	27	35	3	499	75	584	1e-137	 497
1	gi|55139833|gb|AY624197.1|	85.20	527	27	31	1	499	29	532	2e-136	 494
1	gi|37622245|gb|AY391834.1|	85.04	528	31	30	1	499	35	543	2e-136	 494
1	gi|4768958|gb|AF139850.1|AF139850	88.89	414	28	17	92	495	99	504	2e-136	 494
1	gi|119394637|gb|EF113337.1|	88.92	415	25	18	92	495	119	523	6e-136	 492
1	gi|119394635|gb|EF113335.1|	88.92	415	25	18	92	495	119	523	6e-136	 492
1	gi|78190509|gb|DQ177429.1|	88.92	415	25	18	92	495	99	503	6e-136	 492
1	gi|55139839|gb|AY624203.1|	85.60	507	25	27	3	483	36	520	8e-135	 488
1	gi|50846053|gb|AY646379.1|	85.60	507	25	27	3	483	79	563	8e-135	 488
1	gi|119394636|gb|EF113336.1|	88.67	415	26	18	92	495	119	523	3e-134	 486
1	gi|60100473|gb|AY781676.1|	88.67	415	25	19	92	495	86	489	3e-134	 486
1	gi|4768962|gb|AF139854.1|AF139854	90.40	375	20	12	116	488	166	526	5e-132	 479
1	gi|126148697|dbj|AB294424.1|	87.39	436	27	14	63	492	1825	2238	6e-131	 475
1	gi|4761633|gb|AF137067.1|AF137067	86.58	447	34	20	62	492	109	545	3e-129	 470
1	gi|13160429|emb|AJ292411.1|RMI292411	87.39	436	22	27	62	488	122	533	3e-129	 470
1	gi|4768963|gb|AF139855.1|AF139855	90.11	374	17	11	116	488	166	520	1e-128	 468
1	gi|116804946|gb|EF029185.1|	86.05	466	24	27	26	487	57	485	5e-127	 462
1	gi|50846052|gb|AY646378.1|	87.50	424	23	18	92	493	141	556	5e-127	 462
1	gi|37499033|gb|AY387491.1|	89.12	386	21	16	112	492	238	607	2e-126	 460
1	gi|50846057|gb|AY646383.1|	87.50	424	22	21	91	492	141	555	2e-126	 460
1	gi|37499032|gb|AY387490.1|	89.12	386	18	16	112	491	151	518	6e-126	 459
1	gi|7159635|emb|AJ133401.1|CPU133401	89.06	384	22	14	112	491	147	514	6e-126	 459
1	gi|7159634|emb|AJ133400.1|CPU133400	89.06	384	22	13	112	491	147	514	6e-126	 459
1	gi|21436564|emb|AJ311951.1|CPU311951	89.15	387	17	17	112	491	148	516	6e-126	 459
1	gi|6996357|emb|AJ000070.2|CPAJ70	89.06	384	22	13	112	491	147	514	6e-126	 459
1	gi|6996356|emb|AJ000069.2|CPAJ69	89.06	384	22	14	112	491	147	514	6e-126	 459
1	gi|28269248|gb|AF504833.1|	86.58	447	20	26	61	492	123	544	2e-125	 457
1	gi|50846050|gb|AY646376.1|	87.20	422	28	20	91	495	141	553	2e-125	 457
1	gi|4761639|gb|AF138269.1|AF138269	87.29	425	22	21	91	492	100	515	2e-125	 457
1	gi|18073636|emb|AJ309368.1|CPU309368	89.03	383	23	13	112	491	203	569	2e-125	 457
1	gi|37499034|gb|AY387492.1|	88.86	386	21	17	112	492	238	606	8e-125	 455
1	gi|119394634|gb|EF113334.1|	87.14	420	28	17	92	492	121	533	3e-124	 453
1	gi|3337325|gb|L78300.1|	87.24	431	14	22	69	488	99	499	3e-124	 453
1	gi|41349873|dbj|AB160993.1|	88.83	385	21	15	112	491	1884	2251	3e-124	 453
1	gi|41349872|dbj|AB160992.1|	88.83	385	21	15	112	491	1890	2257	3e-124	 453
1	gi|41349871|dbj|AB160991.1|	88.80	384	23	14	112	491	1892	2259	3e-124	 453
1	gi|27544136|dbj|AB099508.1|	88.83	385	21	15	112	491	1885	2252	3e-124	 453
1	gi|42517099|dbj|AB162147.1|	88.80	384	23	14	112	491	1894	2261	3e-124	 453
1	gi|21436563|emb|AJ311950.1|CPU311950	88.83	385	21	15	112	491	148	515	3e-124	 453
1	gi|4761640|gb|AF138270.1|AF138270	87.14	420	28	17	92	492	101	513	3e-124	 453
1	gi|72173002|gb|DQ119114.1|	88.89	387	17	17	112	491	174	541	3e-124	 453
1	gi|1698520|gb|U57669.1|CPU57669	88.83	385	21	15	112	491	173	540	3e-124	 453
1	gi|109115574|emb|AM039814.1|	88.86	386	18	19	112	490	242	609	1e-123	 451
1	gi|28269250|gb|AF504835.1|	86.35	447	21	26	61	492	158	579	1e-123	 451
1	gi|28269249|gb|AF504834.1|	86.35	447	21	26	61	492	123	544	1e-123	 451
1	gi|50846049|gb|AY646375.1|	86.97	422	29	20	91	495	87	499	1e-123	 451
1	gi|56181626|gb|AY781221.1|	85.59	465	28	25	26	487	27	455	1e-123	 451
1	gi|4761637|gb|AF138267.1|AF138267	87.09	426	22	21	91	492	100	516	1e-123	 451
1	gi|78644011|emb|AM084797.1|	85.59	465	28	25	26	487	41	469	1e-123	 451
1	gi|7159632|emb|AJ133398.1|CPA133398	88.98	381	19	16	117	491	127	490	4e-123	 449
1	gi|111182420|gb|DQ836183.1|	88.66	388	16	18	116	492	143	513	1e-122	 448
1	gi|3337323|gb|L78298.1|	87.04	432	13	24	69	488	94	494	1e-122	 448
1	gi|14573550|gb|AF385202.1|AF385202	86.74	430	23	21	69	488	106	511	1e-122	 448
1	gi|11023060|gb|AF176260.1|AF176260	87.01	431	15	22	69	488	93	493	1e-122	 448
1	gi|166453|gb|L07134.1|APERD1258A	87.01	431	14	22	69	488	109	508	1e-122	 448
1	gi|166454|gb|L07135.1|APERD1258B	87.01	431	14	22	69	488	109	508	1e-122	 448
1	gi|77403709|dbj|AB237154.1|	86.81	432	18	21	69	488	137	541	5e-122	 446
1	gi|77403704|dbj|AB237149.1|	86.81	432	18	21	69	488	132	536	5e-122	 446
1	gi|77403703|dbj|AB237148.1|	86.81	432	18	21	69	488	132	536	5e-122	 446
1	gi|77403702|dbj|AB237147.1|	86.81	432	18	21	69	488	137	541	5e-122	 446
1	gi|47457905|dbj|AB126352.1|	86.81	432	18	21	69	488	451	47	5e-122	 446
1	gi|11023065|gb|AF176265.1|AF176265	86.81	432	18	21	69	488	93	497	5e-122	 446
1	gi|11023064|gb|AF176264.1|AF176264	86.81	432	18	21	69	488	93	497	5e-122	 446
1	gi|11023063|gb|AF176263.1|AF176263	86.81	432	18	21	69	488	93	497	5e-122	 446
1	gi|11023062|gb|AF176262.1|AF176262	86.81	432	18	21	69	488	93	497	5e-122	 446
1	gi|4761638|gb|AF138268.1|AF138268	86.85	426	23	21	91	492	100	516	5e-122	 446
1	gi|13160376|emb|AJ292405.1|CCU292405	85.91	440	36	22	63	491	103	527	5e-122	 446
1	gi|21535824|emb|AJ490939.1|EBA490939	86.74	430	22	21	69	488	95	499	5e-122	 446
1	gi|84458457|dbj|AB244776.1|	88.48	382	24	15	118	490	143	513	2e-121	 444
1	gi|84458456|dbj|AB244775.1|	88.48	382	24	15	118	490	143	513	2e-121	 444
1	gi|124377254|emb|AM489766.1|	86.74	430	17	24	69	488	94	493	6e-121	 442
1	gi|109156752|gb|DQ641921.1|	85.55	443	40	19	63	488	135	570	6e-121	 442
1	gi|77403707|dbj|AB237152.1|	86.61	433	18	22	69	488	122	527	6e-121	 442
1	gi|62084139|dbj|AB208109.1|	85.81	437	39	19	63	489	1826	2249	6e-121	 442
1	gi|78644026|emb|AM084812.1|	85.16	465	31	23	26	487	37	466	6e-121	 442
1	gi|117155669|gb|DQ888728.1|	85.43	446	39	21	61	491	127	561	2e-120	 440
1	gi|116048070|gb|DQ987703.1|	86.57	432	19	21	69	488	127	531	2e-120	 440
1	gi|110734415|gb|DQ767605.1|	85.43	446	39	21	61	491	141	575	2e-120	 440
1	gi|94384812|dbj|AB258369.1|	85.43	446	39	21	61	491	1841	2275	2e-120	 440
1	gi|78451005|gb|DQ234806.1|	86.57	432	19	21	69	488	103	507	2e-120	 440
1	gi|50846072|gb|AY646398.1|	86.67	420	28	19	92	492	114	524	2e-120	 440
1	gi|50846070|gb|AY646396.1|	86.79	424	21	23	92	493	141	551	2e-120	 440
1	gi|53125441|emb|AJ608984.1|	85.43	446	39	21	61	491	140	574	2e-120	 440
1	gi|28411622|dbj|AB103379.1|	85.43	446	39	21	61	491	1856	2290	2e-120	 440
1	gi|7159639|emb|AJ133405.1|CZI133405	88.34	386	19	17	112	491	239	604	2e-120	 440
1	gi|168117|gb|L07138.1|EPIRGITSH	86.48	429	24	20	69	488	102	505	2e-120	 440
1	gi|118498753|gb|DQ402530.2|	84.60	474	37	30	26	489	85	532	8e-120	 438
1	gi|78190515|gb|DQ177435.1|	86.45	428	25	19	92	495	99	517	8e-120	 438
1	gi|4836219|gb|AF108467.1|	86.34	432	23	27	63	483	106	512	8e-120	 438
1	gi|3820504|gb|AF059732.1|AF059732	86.45	428	24	20	72	489	101	504	8e-120	 438
1	gi|3820503|gb|AF059731.1|AF059731	86.45	428	24	20	72	489	101	504	8e-120	 438
1	gi|3820502|gb|AF059730.1|AF059730	86.45	428	24	20	72	489	101	504	8e-120	 438
1	gi|27544139|dbj|AB099511.1|	88.22	382	25	15	118	490	1853	2223	8e-120	 438
1	gi|2716|emb|X60185.1|ETRRN	86.48	429	23	21	72	489	275	679	8e-120	 438
1	gi|72173003|gb|DQ119115.1|	86.48	429	23	21	72	489	128	532	8e-120	 438
1	gi|2149103|gb|U80611.1|NSU80611	86.82	425	17	20	76	489	70	466	8e-120	 438
1	gi|21262153|emb|AJ488497.1|EFE488497	86.45	428	24	20	72	489	96	499	8e-120	 438
1	gi|21739060|emb|AJ493277.1|EFE493277	86.45	428	24	20	72	489	96	499	8e-120	 438
1	gi|55139829|gb|AY624193.1|	88.39	379	23	14	118	490	118	481	3e-119	 436
1	gi|77403710|dbj|AB237155.1|	86.41	434	18	22	69	488	132	538	3e-119	 436
1	gi|77403708|dbj|AB237153.1|	86.41	434	18	22	69	488	132	538	3e-119	 436
1	gi|77403706|dbj|AB237151.1|	86.41	434	18	22	69	488	122	528	3e-119	 436
1	gi|77403705|dbj|AB237150.1|	86.41	434	18	22	69	488	132	538	3e-119	 436
1	gi|77403701|dbj|AB237146.1|	86.41	434	18	22	69	488	152	558	3e-119	 436
1	gi|77403700|dbj|AB237145.1|	86.41	434	18	22	69	488	152	558	3e-119	 436
1	gi|77403699|dbj|AB237144.1|	86.41	434	18	22	69	488	132	538	3e-119	 436
1	gi|77403698|dbj|AB237143.1|	86.41	434	18	22	69	488	132	538	3e-119	 436
1	gi|3337328|gb|L78304.1|	86.48	429	20	25	69	488	99	498	3e-119	 436
1	gi|14573560|gb|AF385212.1|AF385212	86.56	424	24	19	76	489	64	464	3e-119	 436
1	gi|3820501|gb|AF059729.1|AF059729	86.56	424	24	19	76	489	62	462	3e-119	 436
1	gi|11023061|gb|AF176261.1|AF176261	86.41	434	18	22	69	488	93	499	3e-119	 436
1	gi|7159599|emb|AJ133395.1|CGR133395	88.11	387	21	18	112	491	152	520	3e-119	 436
1	gi|78643993|emb|AM084778.1|	85.01	467	29	27	26	487	40	470	3e-119	 436
1	gi|168118|gb|L07139.1|EPIRGITSI	86.42	427	25	19	72	489	103	505	3e-119	 436
1	gi|166456|gb|L07130.1|APERGITSB	86.42	427	25	19	72	489	103	505	3e-119	 436
1	gi|2149102|gb|U80610.1|NSU80610	86.56	424	24	19	76	489	68	468	3e-119	 436
1	gi|111606579|gb|DQ810184.1|	85.20	446	40	21	61	491	141	575	1e-118	 435
1	gi|55771301|dbj|AB194937.1|	86.21	428	25	20	72	489	127	530	1e-118	 435
1	gi|28268798|dbj|AB102783.1|	86.48	429	19	21	72	488	2237	2638	1e-118	 435
1	gi|304075|gb|L20305.1|APEURNAG	86.48	429	19	21	72	488	98	499	1e-118	 435
1	gi|1698525|gb|U57670.1|NUU57670	86.48	429	19	21	72	488	124	525	1e-118	 435
1	gi|166455|gb|L07128.1|APERGITSA	86.59	425	20	19	75	488	99	497	1e-118	 435
1	gi|13160375|emb|AJ292404.1|CCU292404	85.33	443	38	22	63	491	103	532	1e-118	 435
1	gi|148633776|gb|EF600965.1|	85.68	433	36	22	63	484	110	527	4e-118	 433
1	gi|2713|emb|X62987.1|ET26SRNA	86.25	429	24	21	72	489	275	679	4e-118	 433
1	gi|1698521|gb|U57664.1|EAU57664	86.25	429	22	23	71	488	129	531	4e-118	 433
1	gi|95136101|emb|AM262420.1|	86.25	429	22	23	69	488	94	494	1e-117	 431
1	gi|55139806|gb|AY624170.1|	85.23	447	34	24	61	491	118	548	1e-117	 431
1	gi|38604630|gb|AY375446.1|	85.29	442	37	24	63	491	95	521	1e-117	 431
1	gi|3337324|gb|L78299.1|	86.25	429	22	23	69	488	101	501	1e-117	 431
1	gi|3337322|gb|L78296.1|	86.18	434	18	23	69	488	100	505	1e-117	 431
1	gi|14573561|gb|AF385213.1|AF385213	86.18	427	26	20	72	489	153	555	1e-117	 431
1	gi|29027755|dbj|AB105953.1|	86.25	429	22	23	69	488	2243	2643	1e-117	 431
1	gi|29027754|dbj|AB105952.1|	86.28	430	19	24	69	488	2250	2649	1e-117	 431
1	gi|168112|gb|L07136.1|EPIRGITSA	86.25	429	22	23	69	488	101	501	1e-117	 431
1	gi|168113|gb|L07137.1|EPIRGITSB	86.25	429	22	23	69	488	101	501	1e-117	 431
1	gi|166457|gb|L07140.1|APERGITSH	86.18	427	26	19	72	489	103	505	1e-117	 431
1	gi|1698522|gb|U57665.1|EAU57665	86.25	429	22	23	71	488	128	530	1e-117	 431
1	gi|168111|gb|L07133.1|EPIRD1258A	86.25	429	22	23	69	488	101	501	1e-117	 431
1	gi|168116|gb|L07132.1|EPIRGITSE	86.25	429	22	23	69	488	101	501	1e-117	 431
1	gi|168119|gb|L07141.1|EPIRGITSJ	86.25	429	21	24	71	488	112	513	1e-117	 431
1	gi|168114|gb|L07129.1|EPIRGITSC	86.25	429	22	23	71	488	103	505	1e-117	 431
1	gi|118084430|gb|DQ914684.1|	85.01	447	39	23	61	491	120	554	5e-117	 429
1	gi|113472816|gb|DQ884462.1|	86.05	430	25	22	69	488	95	499	5e-117	 429
1	gi|112363810|gb|DQ855270.1|	86.05	430	25	22	69	488	95	499	5e-117	 429
1	gi|112363809|gb|DQ855269.1|	86.05	430	25	22	69	488	95	499	5e-117	 429
1	gi|110294830|gb|DQ675588.1|	86.05	430	25	22	69	488	99	503	5e-117	 429
1	gi|110294829|gb|DQ675587.1|	86.05	430	25	22	69	488	99	503	5e-117	 429
1	gi|110294828|gb|DQ675586.1|	86.05	430	25	22	69	488	99	503	5e-117	 429
1	gi|110294827|gb|DQ675585.1|	86.05	430	25	22	69	488	99	503	5e-117	 429
1	gi|110294826|gb|DQ675584.1|	86.05	430	25	22	69	488	99	503	5e-117	 429
1	gi|110294825|gb|DQ675583.1|	86.05	430	25	22	69	488	99	503	5e-117	 429
1	gi|110294824|gb|DQ675582.1|	86.05	430	25	22	69	488	99	503	5e-117	 429
1	gi|110294823|gb|DQ675581.1|	86.05	430	25	22	69	488	99	503	5e-117	 429
1	gi|110294820|gb|DQ675578.1|	86.05	430	24	23	69	488	99	502	5e-117	 429
1	gi|110294817|gb|DQ675575.1|	86.05	430	25	22	69	488	99	503	5e-117	 429
1	gi|110294816|gb|DQ675574.1|	86.05	430	25	22	69	488	99	503	5e-117	 429
1	gi|14573552|gb|AF385204.1|AF385204	86.05	430	25	22	69	488	106	510	5e-117	 429
1	gi|14573551|gb|AF385203.1|AF385203	86.05	430	25	22	69	488	99	503	5e-117	 429
1	gi|14573549|gb|AF385201.1|AF385201	86.05	430	25	22	69	488	106	510	5e-117	 429
1	gi|14573547|gb|AF385199.1|AF385199	86.05	430	25	22	69	488	105	509	5e-117	 429
1	gi|78644010|emb|AM084796.1|	84.58	467	30	28	26	487	38	467	5e-117	 429
1	gi|1698524|gb|U57667.1|ETU57667	84.78	460	34	23	50	488	88	532	5e-117	 429
1	gi|118140641|emb|AJ133392.3|	85.32	436	38	20	63	488	109	528	2e-116	 427
1	gi|116054669|emb|AJ626727.2|	85.32	436	38	20	63	488	108	527	2e-116	 427
1	gi|14573562|gb|AF385214.1|AF385214	85.98	428	25	21	72	489	154	556	2e-116	 427
1	gi|14573553|gb|AF385205.1|AF385205	85.98	428	26	20	72	489	69	472	2e-116	 427
1	gi|109156751|gb|DQ641920.1|	85.68	440	22	27	63	488	132	544	6e-116	 425
1	gi|3337327|gb|L78302.1|	86.01	429	23	23	69	488	99	499	6e-116	 425
1	gi|14573557|gb|AF385209.1|AF385209	86.08	424	26	19	76	489	64	464	6e-116	 425
1	gi|14573556|gb|AF385208.1|AF385208	86.08	424	26	19	76	489	64	464	6e-116	 425
1	gi|14573548|gb|AF385200.1|AF385200	85.98	428	25	22	71	488	110	512	6e-116	 425
1	gi|62910983|gb|AY995219.1|	85.68	440	22	27	63	488	168	580	6e-116	 425
1	gi|60281002|gb|AY937227.1|	85.68	440	22	27	63	488	168	580	6e-116	 425
1	gi|40788170|emb|AJ536575.1|CAR536575	93.54	294	6	8	62	345	109	399	6e-116	 425
1	gi|40788170|emb|AJ536575.1|CAR536575	96.64	119	3	1	382	499	409	527	5e-47	 196
1	gi|305086|gb|L20306.1|EPIRNAG	86.01	429	23	23	69	488	101	501	6e-116	 425
1	gi|2149099|gb|U80609.1|NSU80609	86.08	424	26	19	76	489	68	468	6e-116	 425
1	gi|2149098|gb|U80608.1|NSU80608	86.08	424	26	19	76	489	68	468	6e-116	 425
1	gi|110294822|gb|DQ675580.1|	85.81	430	26	22	69	488	99	503	2e-115	 424
1	gi|110294821|gb|DQ675579.1|	85.81	430	26	22	69	488	99	503	2e-115	 424
1	gi|110294818|gb|DQ675576.1|	85.81	430	26	22	69	488	99	503	2e-115	 424
1	gi|78451095|gb|DQ234807.1|	85.88	432	21	22	69	488	105	508	2e-115	 424
1	gi|78450869|gb|DQ234804.1|	86.01	429	20	22	69	485	105	505	2e-115	 424
1	gi|14573559|gb|AF385211.1|AF385211	85.75	428	27	20	72	489	103	506	8e-115	 422
1	gi|14573558|gb|AF385210.1|AF385210	85.75	428	27	20	72	489	103	506	8e-115	 422
1	gi|32480562|dbj|AB114223.1|	87.66	381	24	19	118	490	1889	2254	8e-115	 422
1	gi|4761642|gb|AF138272.1|AF138272	85.95	420	29	20	92	489	105	516	8e-115	 422
1	gi|4761641|gb|AF138271.1|AF138271	85.99	421	28	21	92	489	106	518	8e-115	 422
1	gi|2149101|gb|U80613.1|NSU80613	85.75	428	27	20	72	489	107	510	8e-115	 422
1	gi|2149100|gb|U80612.1|NSU80612	85.75	428	27	20	72	489	107	510	8e-115	 422
1	gi|146772357|gb|EF495102.1|	93.20	294	7	8	62	345	132	422	3e-114	 420
1	gi|146772357|gb|EF495102.1|	98.10	105	2	0	382	486	432	536	4e-43	 183
1	gi|38604633|gb|AY375449.1|	85.55	429	30	27	91	497	76	494	3e-114	 420
1	gi|14573555|gb|AF385207.1|AF385207	85.85	424	27	19	76	489	65	465	3e-114	 420
1	gi|14573554|gb|AF385206.1|AF385206	85.88	425	24	22	75	488	104	503	3e-114	 420
1	gi|40788168|emb|AJ536573.1|CCI536573	93.20	294	7	8	62	345	105	395	3e-114	 420
1	gi|40788168|emb|AJ536573.1|CCI536573	96.64	119	3	1	382	499	405	523	5e-47	 196
1	gi|168120|gb|L07142.1|EPIRGITSK	85.88	425	24	22	75	488	104	503	3e-114	 420
1	gi|2149097|gb|U80607.1|NSU80607	85.85	424	27	19	76	489	69	469	3e-114	 420
1	gi|2149096|gb|U80606.1|NSU80606	85.85	424	27	19	76	489	69	469	3e-114	 420
1	gi|110294819|gb|DQ675577.1|	85.58	430	27	22	69	488	99	503	1e-113	 418
1	gi|55139807|gb|AY624171.1|	84.79	447	34	24	61	491	117	545	1e-113	 418
1	gi|28269254|gb|AF504839.1|	90.68	322	18	9	26	343	52	365	1e-113	 418
1	gi|7159630|emb|AJ133396.1|CSP133396	85.71	420	33	20	77	488	72	472	1e-113	 418
1	gi|72173001|gb|DQ119113.1|	83.64	489	35	31	26	488	78	547	1e-113	 418
1	gi|1698515|gb|U57402.1|BOU57402	83.64	489	35	31	26	488	78	547	1e-113	 418
1	gi|168115|gb|L07131.1|EPIRGITSD	85.42	432	25	24	69	488	100	505	1e-112	 414
1	gi|78450916|gb|DQ234805.1|	85.48	427	26	23	69	485	105	505	5e-112	 412
1	gi|70724328|gb|DQ069288.1|	93.88	278	9	7	76	347	87	362	5e-112	 412
1	gi|70724328|gb|DQ069288.1|	96.04	101	4	0	383	483	493	593	2e-37	 165
1	gi|14718634|gb|AF389193.1|AF389193	83.51	485	36	33	26	499	69	520	5e-112	 412
1	gi|14573546|gb|AF385198.1|AF385198	85.42	432	24	24	69	488	106	510	5e-112	 412
1	gi|89241746|emb|AJ133403.3|CSU133403	85.48	420	34	20	77	488	72	472	5e-112	 412
1	gi|1143726|gb|U19037.1|BGU19037	90.40	323	18	10	26	343	54	368	5e-112	 412
1	gi|119444103|gb|EF093153.1|	89.91	327	21	11	22	343	54	373	2e-111	 411
1	gi|91204716|dbj|AB255606.1|	89.91	327	21	11	22	343	2199	2518	2e-111	 411
1	gi|76786701|gb|DQ187312.1|	85.31	422	34	21	77	488	108	511	2e-111	 411
1	gi|33772795|gb|AY245643.1|	89.91	327	21	11	22	343	67	386	2e-111	 411
1	gi|33772790|gb|AY245638.1|	89.91	327	21	11	22	343	65	384	2e-111	 411
1	gi|20531418|gb|AF502611.1|	89.46	332	17	14	22	343	9	332	2e-111	 411
1	gi|3337326|gb|L78301.1|	85.19	432	24	27	70	488	100	504	2e-111	 411
1	gi|3337321|gb|L78295.1|	87.43	382	16	15	110	482	140	498	2e-111	 411
1	gi|53748164|emb|AJ786599.1|	89.91	327	21	10	22	343	42	361	2e-111	 411
1	gi|53748157|emb|AJ786592.1|	89.91	327	21	10	22	343	42	361	2e-111	 411
1	gi|62732388|emb|AJ557074.2|CCY557074	85.31	422	34	21	77	488	72	475	2e-111	 411
1	gi|32480563|dbj|AB114224.1|	89.91	327	21	11	22	343	1782	2101	2e-111	 411
1	gi|28411624|dbj|AB103381.1|	89.91	327	21	11	22	343	1782	2101	2e-111	 411
1	gi|9931564|gb|AF291749.1|AF291749	89.91	327	21	11	22	343	39	358	2e-111	 411
1	gi|29466992|dbj|AB067720.1|	89.91	327	21	11	22	343	95	414	2e-111	 411
1	gi|59001354|gb|AY899261.1|	89.91	327	21	11	22	343	18	337	2e-111	 411
1	gi|83715790|emb|AJ870966.1|	85.31	422	34	21	77	488	72	475	2e-111	 411
1	gi|3037071|gb|AF054867.1|AF054867	90.18	326	16	14	26	343	71	388	2e-111	 411
1	gi|84617615|emb|AJ867219.2|	85.31	422	34	21	77	488	72	475	2e-111	 411
1	gi|15425660|dbj|AB044645.1|	89.91	327	21	11	22	343	254	573	2e-111	 411
1	gi|12056311|emb|AJ295083.1|TIN295083	89.91	327	21	11	22	343	42	361	2e-111	 411
1	gi|114309694|gb|DQ899096.1|	85.19	432	25	24	69	488	134	538	2e-110	 407
1	gi|7159598|emb|AJ133394.1|CGI133394	84.27	445	41	23	63	489	96	529	2e-110	 407
1	gi|4090415|gb|U35308.1|TIU35308	89.63	328	22	11	22	343	47	368	2e-110	 407
1	gi|1771834|emb|Z54114.1|TNI58SRR	89.63	328	22	11	22	343	47	368	2e-110	 407
1	gi|80971491|emb|AJ605995.1|	84.70	438	34	26	63	487	96	513	2e-110	 407
1	gi|1143727|gb|U19038.1|BNU19038	89.63	328	22	11	22	343	52	373	2e-110	 407
1	gi|117646983|emb|AJ605996.2|	84.70	438	31	27	63	488	108	521	8e-110	 405
1	gi|3337320|gb|L78293.1|	86.79	386	19	19	110	488	139	499	8e-110	 405
1	gi|57283099|emb|AJ537577.1|CPU537577	84.74	439	29	27	63	488	93	506	8e-110	 405
1	gi|57283098|emb|AJ537576.1|CSP537576	84.67	437	34	25	63	488	93	507	8e-110	 405
1	gi|20338985|emb|AJ277544.1|CPU277544	84.74	439	30	26	63	488	93	507	8e-110	 405
1	gi|121053651|gb|EF160121.1|	83.79	475	25	34	26	488	82	516	3e-109	 403
1	gi|15592964|gb|AF324881.1|AF324881	89.63	328	16	14	3	319	2	322	1e-108	 401
1	gi|122888929|gb|EF211125.1|	82.99	482	43	34	26	488	1776	2237	4e-108	 399
1	gi|122888928|gb|EF211124.1|	82.99	482	43	34	26	488	1777	2238	4e-108	 399
1	gi|119567599|gb|EF151002.1|	82.99	482	42	37	26	488	38	498	4e-108	 399
1	gi|37956609|gb|AY254150.1|	82.99	482	42	37	26	488	75	535	4e-108	 399
1	gi|73697710|gb|DQ102373.1|	82.99	482	43	34	26	488	1783	2244	4e-108	 399
1	gi|40788166|emb|AJ536571.1|CHA536571	83.84	458	32	35	61	488	117	562	1e-107	 398
1	gi|40788147|emb|AJ536552.1|CGU536552	83.84	458	32	35	61	488	117	562	1e-107	 398
1	gi|80971493|emb|AJ605997.1|	82.78	482	47	29	26	488	51	515	1e-107	 398
1	gi|91178230|gb|DQ449656.1|	89.09	330	21	12	22	343	49	371	5e-107	 396
1	gi|68522181|gb|DQ097715.1|	89.09	330	21	12	22	343	49	371	5e-107	 396
1	gi|62084140|dbj|AB208110.1|	89.09	330	21	12	22	343	1779	2101	5e-107	 396
1	gi|13508842|emb|AJ303055.1|TCY303055	89.09	330	21	12	22	343	42	364	5e-107	 396
1	gi|91204715|dbj|AB255605.1|	85.97	385	35	17	111	488	2264	2636	2e-106	 394
1	gi|91204714|dbj|AB255604.1|	85.97	385	35	17	111	488	2278	2650	2e-106	 394
1	gi|37956616|gb|AY254157.1|	82.74	481	45	34	26	488	75	535	2e-106	 394
1	gi|37956614|gb|AY254155.1|	82.74	481	45	35	26	488	75	535	2e-106	 394
1	gi|53125402|emb|AJ608978.1|	82.74	481	45	34	26	488	72	532	2e-106	 394
1	gi|4090408|gb|U35307.1|BGU35307	89.47	323	18	12	26	343	51	362	2e-106	 394
1	gi|1771814|emb|Z54115.1|TG58SRR	89.47	323	18	12	26	343	51	362	2e-106	 394
1	gi|80971494|emb|AJ605998.1|	84.63	423	36	22	77	488	72	476	2e-106	 394
1	gi|11830872|emb|AJ301994.1|MRO301994	82.74	481	45	34	26	488	1820	2280	2e-106	 394
1	gi|32165599|gb|AY303605.1|	82.81	477	44	32	26	488	59	511	6e-106	 392
1	gi|14718636|gb|AF389195.1|AF389195	89.09	330	16	13	26	343	61	382	6e-106	 392
1	gi|7861899|gb|AF210668.1|	89.47	323	17	12	26	343	41	351	6e-106	 392
1	gi|18076646|emb|AJ309343.1|PGU309343	83.62	458	33	35	61	488	170	615	6e-106	 392
1	gi|7619965|dbj|AB027369.1|	89.06	329	18	16	26	343	259	580	6e-106	 392
1	gi|7619965|dbj|AB027369.1|	86.11	108	8	7	384	488	585	688	7e-21	 110
1	gi|7619964|dbj|AB027368.1|	89.20	324	22	12	26	343	258	574	6e-106	 392
1	gi|20531678|gb|AF502871.1|	89.20	324	20	12	26	343	55	369	2e-105	 390
1	gi|20531422|gb|AF502615.1|	89.20	324	20	12	26	343	51	365	2e-105	 390
1	gi|40788146|emb|AJ536551.1|CGU536551	83.70	460	28	39	61	488	122	566	2e-105	 390
1	gi|150035486|gb|EF619703.1|	89.16	323	20	13	27	343	47	360	8e-105	 388
1	gi|78190512|gb|DQ177432.1|	84.51	426	31	23	76	491	81	481	8e-105	 388
1	gi|33668524|gb|AY268191.1|	91.61	286	14	8	63	343	95	375	8e-105	 388
1	gi|87887893|dbj|AB250410.1|	85.79	387	31	19	111	488	2272	2643	8e-105	 388
1	gi|72173000|gb|DQ119112.1|	83.51	461	30	33	61	488	134	581	8e-105	 388
1	gi|2290378|gb|U89369.1|BCU89369	83.51	461	30	33	61	488	134	581	8e-105	 388
1	gi|7159638|emb|AJ133404.1|CVI133404	83.88	428	46	19	63	486	93	501	3e-104	 387
1	gi|18073615|emb|AJ309341.1|CHA309341	83.44	459	33	35	61	488	163	609	3e-104	 387
1	gi|29539094|emb|AJ306621.1|CSO306621	86.17	376	30	14	117	487	156	514	3e-104	 387
1	gi|98990157|gb|DQ516080.1|	83.86	440	34	23	63	491	87	500	1e-103	 385
1	gi|34420168|gb|AY273321.1|	89.13	322	18	12	27	343	441	132	1e-103	 385
1	gi|20531571|gb|AF502764.1|	89.10	321	20	12	29	343	20	331	1e-103	 385
1	gi|7159631|emb|AJ133397.1|CSO133397	85.53	387	32	19	111	488	132	503	1e-103	 385
1	gi|9187572|emb|AJ243772.1|PGU243772	83.48	460	29	39	61	488	121	565	1e-103	 385
1	gi|11830871|emb|AJ301993.1|MRO301993	82.37	482	47	34	26	488	1820	2282	1e-103	 385
1	gi|149940231|emb|AJ011591.2|	85.53	387	32	19	111	488	132	503	4e-103	 383
1	gi|37962701|gb|AY344479.1|	88.89	324	19	17	27	343	66	379	4e-103	 383
1	gi|20531412|gb|AF502605.1|	90.85	295	13	12	61	345	64	354	4e-103	 383
1	gi|11692070|gb|AF205451.1|AF205451	83.86	440	32	33	62	489	242	654	4e-103	 383
1	gi|11692069|gb|AF205450.1|AF205450	83.83	439	34	32	62	489	242	654	4e-103	 383
1	gi|11692068|gb|AF205449.1|AF205449	83.83	439	34	32	62	489	242	654	4e-103	 383
1	gi|11692067|gb|AF205448.1|AF205448	83.83	439	33	33	62	489	242	653	4e-103	 383
1	gi|11692066|gb|AF205447.1|AF205447	83.83	439	33	33	62	489	242	653	4e-103	 383
1	gi|11692065|gb|AF205446.1|AF205446	83.83	439	33	33	62	489	242	653	4e-103	 383
1	gi|11692064|gb|AF205445.1|AF205445	83.86	440	31	33	62	489	242	653	4e-103	 383
1	gi|11692063|gb|AF205444.1|AF205444	83.86	440	31	33	62	489	242	653	4e-103	 383
1	gi|11692062|gb|AF205443.1|AF205443	83.86	440	31	33	62	489	242	653	4e-103	 383
1	gi|11602959|gb|AF081470.2|AF081470	83.86	440	32	33	62	489	439	851	4e-103	 383
1	gi|20531676|gb|AF502869.1|	88.82	322	19	12	29	343	1	312	1e-102	 381
1	gi|117164162|emb|AM181466.1|	83.99	431	32	30	63	487	102	501	5e-102	 379
1	gi|117164155|emb|AM181459.1|	83.99	431	32	30	63	487	102	501	5e-102	 379
1	gi|90102467|gb|DQ420783.1|	82.23	484	45	38	26	488	111	574	5e-102	 379
1	gi|90102466|gb|DQ420782.1|	82.23	484	45	38	26	488	111	574	5e-102	 379
1	gi|90102465|gb|DQ420781.1|	82.23	484	45	38	26	488	111	574	5e-102	 379
1	gi|87887885|dbj|AB250409.1|	86.13	375	25	20	117	478	1865	2225	5e-102	 379
1	gi|20531575|gb|AF502768.1|	91.23	285	15	7	62	343	27	304	5e-102	 379
1	gi|57901673|gb|AY677293.1|	85.83	381	27	20	118	490	129	490	5e-102	 379
1	gi|11692071|gb|AF205452.1|AF205452	83.60	439	34	33	62	489	242	653	2e-101	 377
1	gi|11830873|emb|AJ301995.1|MRO301995	83.45	441	38	32	64	488	1858	2279	2e-101	 377
1	gi|11830875|emb|AJ302001.1|MRO302001	83.45	441	38	32	64	488	1838	2259	2e-101	 377
1	gi|11877343|emb|AJ302000.1|MLE302000	82.16	482	47	34	27	488	1822	2284	2e-101	 377
1	gi|150035448|gb|EF619665.1|	90.51	295	13	12	62	345	106	396	6e-101	 375
1	gi|117652909|gb|EF060504.1|	88.96	317	17	14	26	337	395	698	6e-101	 375
1	gi|117573973|gb|DQ979707.1|	88.82	322	14	21	26	335	62	373	6e-101	 375
1	gi|110725187|gb|DQ779785.1|	88.96	317	17	16	26	337	36	339	6e-101	 375
1	gi|90102711|gb|DQ421027.1|	84.40	423	23	29	74	488	149	536	6e-101	 375
1	gi|37956618|gb|AY254159.1|	82.16	482	45	36	26	488	74	533	6e-101	 375
1	gi|55783642|gb|AY805575.1|	88.96	317	17	16	26	337	453	150	6e-101	 375
1	gi|53771799|gb|AY729073.1|	83.56	438	35	28	61	490	110	518	6e-101	 375
1	gi|53771798|gb|AY729072.1|	83.56	438	35	28	61	490	110	518	6e-101	 375
1	gi|53771787|gb|AY729061.1|	83.56	438	35	28	61	490	110	518	6e-101	 375
1	gi|53771786|gb|AY729060.1|	83.56	438	35	28	61	490	110	518	6e-101	 375
1	gi|85376506|gb|DQ317342.1|	88.96	317	17	16	26	337	48	351	6e-101	 375
1	gi|3420915|gb|AF081473.1|AF081473	82.32	475	44	32	26	489	404	849	6e-101	 375
1	gi|1770090|emb|Z54108.1|BTU58SRR	87.95	332	23	14	22	343	47	371	6e-101	 375
1	gi|1698516|gb|U57403.1|BSU57403	90.20	296	18	11	24	312	65	356	6e-101	 375
1	gi|1698516|gb|U57403.1|BSU57403	84.35	115	7	7	383	487	399	512	1e-18	 102
1	gi|1143730|gb|U19041.1|BTU19041	87.95	332	23	14	22	343	50	374	6e-101	 375
1	gi|11877339|emb|AJ301992.1|MLE301992	83.86	440	24	41	65	489	1863	2270	6e-101	 375
1	gi|17644211|emb|AJ242869.3|CSO242869	85.64	376	33	15	117	487	155	514	6e-101	 375
1	gi|46947514|gb|AY590794.1|	85.38	383	31	18	118	491	384	18	2e-100	 374
1	gi|32966939|gb|AY295335.1|	85.56	381	28	20	118	490	133	494	2e-100	 374
1	gi|32966938|gb|AY295334.1|	85.53	380	29	19	118	490	133	493	2e-100	 374
1	gi|53125480|emb|AJ608990.1|	85.56	381	28	20	118	490	158	519	2e-100	 374
1	gi|117164139|emb|AM181443.1|	83.60	433	34	30	63	489	102	503	8e-100	 372
1	gi|117164131|emb|AM181435.1|	83.60	433	34	30	63	489	102	503	8e-100	 372
1	gi|34304740|gb|AY180263.1|	83.22	441	39	33	62	490	100	517	8e-100	 372
1	gi|11602967|gb|AF081477.2|AF081477	83.22	441	39	33	62	490	430	847	8e-100	 372
1	gi|3037070|gb|AF054866.1|AF054866	90.41	292	15	10	61	343	116	403	8e-100	 372
1	gi|148633610|gb|EF601608.1|	85.34	382	28	21	118	490	172	534	3e-99	 370
1	gi|48429312|gb|AY618238.1|	88.68	318	17	17	26	337	27	331	3e-99	 370
1	gi|71066944|gb|DQ069057.1|	88.54	323	14	22	26	335	41	353	3e-99	 370
1	gi|20531679|gb|AF502872.1|	87.95	332	17	17	26	346	55	374	3e-99	 370
1	gi|54144019|emb|AJ849546.1|	85.37	376	33	16	117	487	157	515	3e-99	 370
1	gi|60546342|gb|AY793430.1|	86.24	356	32	14	138	488	174	517	3e-99	 370
1	gi|90102461|gb|DQ420777.1|	88.61	316	19	13	26	337	108	410	1e-98	 368
1	gi|33466062|gb|AY271809.1|	88.20	322	21	15	26	343	333	641	1e-98	 368
1	gi|53748150|emb|AJ786585.1|	87.65	332	21	13	26	343	46	371	1e-98	 368
1	gi|53748149|emb|AJ786584.1|	87.65	332	21	13	26	343	46	371	1e-98	 368
1	gi|6470301|gb|AF199593.1|AF199593	89.37	301	20	10	26	319	49	344	1e-98	 368
1	gi|2952004|gb|U51979.1|DLU51979	91.34	277	12	11	70	343	127	394	1e-98	 368
1	gi|80971495|emb|AJ605999.1|	82.77	447	44	28	63	488	185	619	1e-98	 368
1	gi|11830874|emb|AJ301999.1|MVE301999	88.07	327	18	20	27	343	1822	2137	1e-98	 368
1	gi|118402767|emb|AJ578487.2|	83.37	433	35	30	63	489	102	503	4e-98	 366
1	gi|74315524|gb|DQ178166.1|	90.94	276	19	4	72	346	107	377	4e-98	 366
1	gi|74315523|gb|DQ178165.1|	90.94	276	19	4	72	346	107	377	4e-98	 366
1	gi|74315522|gb|DQ178164.1|	90.94	276	19	4	72	346	107	377	4e-98	 366
1	gi|74315521|gb|DQ178163.1|	90.94	276	19	4	72	346	107	377	4e-98	 366
1	gi|67003857|gb|AY997548.1|	90.94	276	19	4	72	346	66	336	4e-98	 366
1	gi|67003856|gb|AY997547.1|	90.94	276	19	4	72	346	66	336	4e-98	 366
1	gi|67003855|gb|AY997546.1|	90.94	276	19	4	72	346	66	336	4e-98	 366
1	gi|67003854|gb|AY997545.1|	90.94	276	19	4	72	346	65	335	4e-98	 366
1	gi|67003853|gb|AY997544.1|	90.94	276	19	4	72	346	66	336	4e-98	 366
1	gi|67003852|gb|AY997543.1|	90.94	276	19	4	72	346	66	336	4e-98	 366
1	gi|67003851|gb|AY997542.1|	90.94	276	19	4	72	346	66	336	4e-98	 366
1	gi|67003850|gb|AY997541.1|	90.94	276	19	4	72	346	66	336	4e-98	 366
1	gi|67003849|gb|AY997540.1|	90.94	276	19	4	72	346	66	336	4e-98	 366
1	gi|67003848|gb|AY997539.1|	90.94	276	19	4	72	346	66	336	4e-98	 366
1	gi|67003847|gb|AY997538.1|	90.94	276	19	4	72	346	66	336	4e-98	 366
1	gi|67003846|gb|AY997537.1|	90.94	276	19	4	72	346	66	336	4e-98	 366
1	gi|67003845|gb|AY997536.1|	90.94	276	19	4	72	346	66	336	4e-98	 366
1	gi|67003844|gb|AY997535.1|	90.94	276	19	4	72	346	66	336	4e-98	 366
1	gi|67003843|gb|AY997534.1|	90.94	276	19	4	72	346	66	336	4e-98	 366
1	gi|67003842|gb|AY997533.1|	90.94	276	19	4	72	346	124	394	4e-98	 366
1	gi|67003841|gb|AY997532.1|	90.94	276	19	4	72	346	66	336	4e-98	 366
1	gi|46947509|gb|AY590789.1|	87.61	331	22	16	24	343	477	155	4e-98	 366
1	gi|34100086|gb|AY354236.1|	89.37	301	19	11	26	319	455	161	4e-98	 366
1	gi|33772792|gb|AY245640.1|	89.37	301	19	11	26	319	71	365	4e-98	 366
1	gi|33772783|gb|AY245631.1|	89.37	301	19	11	26	319	71	365	4e-98	 366
1	gi|77799485|dbj|AB237663.1|	87.96	324	21	15	27	343	1793	2105	4e-98	 366
1	gi|63002466|gb|AY924269.1|	91.24	274	17	7	74	347	111	377	4e-98	 366
1	gi|20531565|gb|AF502758.1|	88.36	318	19	16	26	337	51	356	4e-98	 366
1	gi|62720371|gb|AY902245.1|	91.24	274	17	7	74	347	101	367	4e-98	 366
1	gi|53748153|emb|AJ786588.1|	89.37	301	19	11	26	319	46	340	4e-98	 366
1	gi|53748152|emb|AJ786587.1|	89.37	301	19	11	26	319	45	339	4e-98	 366
1	gi|53748151|emb|AJ786586.1|	89.37	301	19	11	26	319	46	340	4e-98	 366
1	gi|57901654|gb|AY677274.1|	90.94	276	19	4	72	346	67	337	4e-98	 366
1	gi|57901650|gb|AY677270.1|	90.94	276	19	4	72	346	66	336	4e-98	 366
1	gi|57901649|gb|AY677269.1|	90.94	276	19	4	72	346	66	336	4e-98	 366
1	gi|57901647|gb|AY677267.1|	90.94	276	19	4	72	346	66	336	4e-98	 366
1	gi|57901646|gb|AY677266.1|	90.94	276	19	4	72	346	66	336	4e-98	 366
1	gi|57901645|gb|AY677265.1|	90.94	276	19	4	72	346	66	336	4e-98	 366
1	gi|57901644|gb|AY677264.1|	90.94	276	19	4	72	346	66	336	4e-98	 366
1	gi|57901643|gb|AY677263.1|	90.94	276	19	4	72	346	66	336	4e-98	 366
1	gi|57901642|gb|AY677262.1|	90.94	276	19	4	72	346	66	336	4e-98	 366
1	gi|18073629|emb|AJ309360.1|COP309360	89.37	301	19	11	26	319	96	390	4e-98	 366
1	gi|134154571|gb|EF458487.1|	87.80	328	18	21	27	343	9	325	1e-97	 364
1	gi|115315719|gb|DQ901630.1|	89.40	302	15	15	26	318	49	342	1e-97	 364
1	gi|115315719|gb|DQ901630.1|	86.11	108	8	7	384	488	381	484	7e-21	 110
1	gi|116710908|gb|EF017211.1|	87.80	328	18	21	27	343	44	360	1e-97	 364
1	gi|90102486|gb|DQ420802.1|	88.29	316	22	12	26	337	108	412	1e-97	 364
1	gi|32165597|gb|AY303603.1|	87.80	328	18	21	27	343	59	375	1e-97	 364
1	gi|32165597|gb|AY303603.1|	82.73	110	12	7	383	488	394	500	3e-15	91.6
1	gi|21666942|gb|AF455507.1|	87.80	328	18	21	27	343	68	384	1e-97	 364
1	gi|17222752|gb|AF358236.1|AF358236	87.69	325	24	14	26	343	40	355	1e-97	 364
1	gi|9187471|emb|AJ243773.1|CGU243773	82.68	462	30	42	61	488	121	566	1e-97	 364
1	gi|11830876|emb|AJ302003.1|MVE302003	87.80	328	18	21	27	343	1822	2138	1e-97	 364
1	gi|11877344|emb|AJ302002.1|MAT302002	87.80	328	18	21	27	343	1822	2138	1e-97	 364
1	gi|117652828|gb|EF060423.1|	90.97	277	14	9	74	347	436	704	5e-97	 363
1	gi|111379278|gb|DQ780424.1|	90.97	277	14	9	74	347	113	381	5e-97	 363
1	gi|55139830|gb|AY624194.1|	90.53	285	11	13	63	343	87	359	5e-97	 363
1	gi|55783641|gb|AY805574.1|	87.89	322	21	14	27	343	447	139	5e-97	 363
1	gi|48429331|gb|AY618257.1|	87.89	322	21	14	27	343	14	322	5e-97	 363
1	gi|59797371|gb|AY761177.1|	86.43	361	14	25	2	343	36	380	5e-97	 363
1	gi|17834065|gb|AF310977.1|AF310977	90.97	277	14	9	74	347	442	710	5e-97	 363
1	gi|17834064|gb|AF310976.1|AF310976	90.97	277	14	9	74	347	442	710	5e-97	 363
1	gi|17222763|gb|AF358247.1|AF358247	87.69	325	22	15	26	343	40	353	5e-97	 363
1	gi|17222761|gb|AF358245.1|AF358245	87.73	326	20	17	26	343	39	352	5e-97	 363
1	gi|17222758|gb|AF358242.1|AF358242	87.73	326	20	17	26	343	40	353	5e-97	 363
1	gi|11602960|gb|AF081471.2|AF081471	83.11	438	35	33	62	489	439	847	5e-97	 363
1	gi|7861921|gb|AF210690.1|	87.73	326	20	17	26	343	39	352	5e-97	 363
1	gi|7861912|gb|AF210681.1|	87.43	334	18	19	26	346	40	362	5e-97	 363
1	gi|1808925|gb|U34581.1|FBU34581	90.97	277	14	9	74	347	113	381	5e-97	 363
1	gi|117653131|gb|EF060726.1|	88.29	316	18	15	26	337	394	694	2e-96	 361
1	gi|60547116|gb|AY864836.1|	87.85	321	21	16	26	338	61	371	2e-96	 361
1	gi|49188379|gb|AY554208.1|	87.85	321	21	16	26	338	43	353	2e-96	 361
1	gi|49188378|gb|AY554207.1|	87.85	321	21	16	26	338	43	353	2e-96	 361
