# blastn
# Iteration: 0
# Query:  
# RID: 9FD95V5V01R
# Database: nr
# Fields: query id, subject ids, % identity, alignment length, mismatches, gap opens, q. start, q. end, s. start, s. end, evalue, bit score
# 504 hits found
661	gi|154623399|emb|AM701800.1|	99.49	789	4	0	1	789	3	791	0.0	1435
661	gi|154623398|emb|AM701799.1|	99.24	789	6	0	1	789	3	791	0.0	1424
661	gi|154623397|emb|AM701798.1|	99.24	789	6	0	1	789	3	791	0.0	1424
661	gi|154623400|emb|AM701801.1|	99.11	789	7	0	1	789	3	791	0.0	1419
661	gi|51235567|gb|AY598713.1|	99.11	789	7	0	1	789	3	791	0.0	1419
661	gi|284432311|gb|GU258752.1|	99.11	788	7	0	1	788	3	790	0.0	1417
661	gi|292680203|dbj|AB468809.1|	98.99	790	7	1	1	789	3	792	0.0	1413
661	gi|6468664|emb|AJ233440.1|	98.99	790	7	1	1	789	3	792	0.0	1413
661	gi|237784588|gb|FJ415977.1|	98.86	789	9	0	1	789	3	791	0.0	1410
661	gi|227811188|gb|FJ802017.1|	98.98	788	7	1	1	788	3	789	0.0	1410
661	gi|292680178|dbj|AB468784.1|	98.86	789	9	0	1	789	3	791	0.0	1408
661	gi|294856730|gb|GU931701.1|	97.35	829	16	5	1	825	35	861	0.0	1404
661	gi|17980856|gb|AF452137.1|	98.73	789	10	0	1	789	3	791	0.0	1402
661	gi|17980855|gb|AF452136.1|	98.61	789	11	0	1	789	3	791	0.0	1399
661	gi|292680179|dbj|AB468785.1|	98.61	789	11	0	1	789	3	791	0.0	1397
661	gi|86450368|gb|DQ364465.1|	97.97	790	10	4	1	789	3	787	0.0	1365
661	gi|51235568|gb|AY598714.1|	97.86	793	9	6	1	789	3	791	0.0	1363
661	gi|154623403|emb|AM701804.1|	98.69	764	10	0	1	764	3	766	0.0	1356
661	gi|154623401|emb|AM701802.1|	98.69	764	10	0	1	764	3	766	0.0	1356
661	gi|154623402|emb|AM701803.1|	98.68	755	10	0	10	764	1	755	0.0	1339
661	gi|60115390|gb|AY922975.1|	96.60	794	15	10	1	789	3	789	0.0	1306
661	gi|30088678|gb|AY269998.1|	96.60	794	15	10	1	789	3	789	0.0	1306
661	gi|292680197|dbj|AB468803.1|	97.52	766	14	5	1	764	3	765	0.0	1304
661	gi|284432497|gb|GU258938.1|	95.62	799	19	12	1	788	3	796	0.0	1267
661	gi|284432498|gb|GU258939.1|	95.49	799	20	12	1	788	3	796	0.0	1262
661	gi|284432184|gb|GU258625.1|	95.49	799	20	12	1	788	3	796	0.0	1262
661	gi|227811169|gb|FJ801998.1|	95.49	799	20	12	1	788	3	796	0.0	1262
661	gi|152218424|gb|EU003445.1|	95.49	799	20	12	1	788	3	796	0.0	1262
661	gi|284432496|gb|GU258937.1|	95.37	799	21	12	1	788	3	796	0.0	1256
661	gi|284432495|gb|GU258936.1|	95.38	800	20	13	1	788	3	797	0.0	1256
661	gi|227811066|gb|FJ801894.1|	96.48	767	14	9	4	765	8	766	0.0	1254
661	gi|295394051|gb|GU983647.1|	93.89	851	19	23	1	825	3	846	0.0	1253
661	gi|227811170|gb|FJ801999.1|	95.26	801	20	14	1	788	3	798	0.0	1253
661	gi|152218423|gb|EU003444.1|	95.26	801	20	14	1	788	3	798	0.0	1253
661	gi|51235521|gb|AY598667.1|	93.88	850	21	21	1	825	3	846	0.0	1253
661	gi|237784589|gb|FJ415978.1|	96.24	771	15	12	1	765	3	765	0.0	1251
661	gi|284432183|gb|GU258624.1|	95.24	799	21	13	2	788	2	795	0.0	1249
661	gi|284432499|gb|GU258940.1|	95.12	800	20	15	2	788	2	795	0.0	1243
661	gi|284432182|gb|GU258623.1|	95.01	802	21	15	1	789	3	798	0.0	1242
661	gi|284432185|gb|GU258626.1|	94.99	799	22	14	1	788	3	794	0.0	1238
661	gi|227811168|gb|FJ801997.1|	94.97	796	21	15	4	788	4	791	0.0	1230
661	gi|52854084|gb|AY745748.1|	95.73	773	18	11	2	765	5	771	0.0	1230
661	gi|237784590|gb|FJ415979.1|	95.50	778	18	11	1	765	3	776	0.0	1227
661	gi|284432641|gb|GU259082.1|	96.05	759	16	10	12	765	13	762	0.0	1223
661	gi|284432178|gb|GU258619.1|	94.90	785	17	16	1	767	3	782	0.0	1206
661	gi|8926262|gb|AF271224.1|AF271224	94.78	785	15	13	1	765	3	781	0.0	1199
661	gi|295394050|gb|GU983646.1|	92.30	857	23	31	2	825	3	849	0.0	1184
661	gi|195729886|gb|EU877756.1|	90.53	824	44	31	2	810	4	808	0.0	1059
661	gi|225685441|emb|FN263243.1|	95.96	470	9	6	1	463	29	495	0.0	 754
661	gi|297595829|gb|HM244828.1|	82.14	683	56	58	184	825	147	804	2e-145	 525
661	gi|297595828|gb|HM244827.1|	82.14	683	56	58	184	825	147	804	2e-145	 525
661	gi|297595827|gb|HM244826.1|	82.14	683	56	58	184	825	147	804	2e-145	 525
661	gi|297595826|gb|HM244825.1|	82.14	683	56	58	184	825	147	804	2e-145	 525
661	gi|51235516|gb|AY598662.1|	81.68	704	60	50	169	825	133	814	2e-144	 521
661	gi|51235517|gb|AY598663.1|	84.24	552	50	32	186	712	179	718	7e-139	 503
661	gi|51235517|gb|AY598663.1|	97.83	46	1	0	780	825	847	892	1e-11	80.5
661	gi|39840879|dbj|AB108022.1|	84.24	552	50	32	186	712	179	718	7e-139	 503
661	gi|302121739|gb|HM061322.1|	84.48	554	37	41	174	697	185	719	3e-138	 501
661	gi|154850063|gb|EU000154.1|	84.48	554	37	41	174	697	122	656	3e-138	 501
661	gi|154850060|gb|EU000151.1|	84.48	554	37	41	174	697	112	646	3e-138	 501
661	gi|188504307|gb|EU669081.1|	84.59	545	31	43	185	697	163	686	2e-135	 492
661	gi|89519379|gb|DQ403791.1|	84.17	556	34	46	174	697	196	729	6e-135	 490
661	gi|89519375|gb|DQ403787.1|	84.17	556	34	46	174	697	196	729	6e-135	 490
661	gi|27448074|gb|AF330185.1|	84.28	547	38	42	184	703	147	672	6e-135	 490
661	gi|89203269|gb|DQ396413.1|	83.99	556	35	46	174	697	193	726	7e-134	 486
661	gi|227343902|gb|FJ873177.1|	83.99	556	35	46	174	697	115	648	3e-133	 484
661	gi|160213642|gb|EU240154.1|	83.99	556	35	46	174	697	199	732	3e-133	 484
661	gi|160213572|gb|EU240084.1|	83.99	556	35	46	174	697	199	732	3e-133	 484
661	gi|119887868|gb|EF152506.1|	83.99	556	35	46	174	697	199	732	3e-133	 484
661	gi|119887867|gb|EF152505.1|	83.99	556	35	46	174	697	199	732	3e-133	 484
661	gi|28565831|gb|AY197328.1|	83.99	556	35	46	174	697	142	675	3e-133	 484
661	gi|28565831|gb|AY197328.1|	97.30	37	1	0	781	817	795	831	1e-06	63.9
661	gi|113472408|gb|DQ916350.1|	83.75	554	45	36	189	713	172	709	1e-132	 483
661	gi|51235518|gb|AY598664.1|	80.70	710	62	54	169	825	140	827	1e-132	 483
661	gi|237784581|gb|FJ415970.1|	83.51	564	44	40	169	703	140	683	3e-132	 481
661	gi|117938957|dbj|AB259315.1|	83.51	564	44	40	169	703	162	705	3e-132	 481
661	gi|39840877|dbj|AB108020.1|	83.51	564	44	40	169	703	140	683	3e-132	 481
661	gi|292680186|dbj|AB468792.1|	83.81	556	36	45	174	697	170	703	1e-131	 479
661	gi|169409412|gb|EU339312.1|	83.84	557	34	48	174	697	183	716	1e-131	 479
661	gi|119887870|gb|EF152508.1|	84.16	543	35	42	185	697	206	727	1e-131	 479
661	gi|78498860|gb|DQ237932.1|	84.16	543	35	42	185	697	164	685	1e-131	 479
661	gi|39840878|dbj|AB108021.1|	83.36	565	43	42	169	703	140	683	2e-130	 475
661	gi|169409411|gb|EU339311.1|	83.66	557	35	48	174	697	183	716	6e-130	 473
661	gi|109675190|gb|DQ648125.1|	83.45	562	40	41	168	695	146	688	6e-130	 473
661	gi|26000754|gb|AY162278.1|	83.45	562	40	41	168	695	146	688	6e-130	 473
661	gi|51235519|gb|AY598665.1|	80.34	707	61	52	173	825	107	789	3e-128	 468
661	gi|259121841|gb|GQ505911.1|	83.48	551	35	46	180	697	156	683	1e-126	 462
661	gi|237784580|gb|FJ415969.1|	83.48	551	35	46	180	697	180	707	1e-126	 462
661	gi|237784579|gb|FJ415968.1|	83.48	551	35	46	180	697	180	707	1e-126	 462
661	gi|237784578|gb|FJ415967.1|	83.48	551	35	46	180	697	180	707	1e-126	 462
661	gi|228481064|gb|FJ882625.1|	83.48	551	35	46	180	697	180	707	1e-126	 462
661	gi|226331135|gb|EU740398.2|	83.48	551	35	46	180	697	180	707	1e-126	 462
661	gi|190612599|gb|EU740402.1|	83.48	551	35	46	180	697	180	707	1e-126	 462
661	gi|187235533|gb|EU637904.1|	83.48	551	35	46	180	697	180	707	1e-126	 462
661	gi|160213661|gb|EU240173.1|	83.48	551	35	46	180	697	180	707	1e-126	 462
661	gi|160213651|gb|EU240163.1|	83.48	551	35	46	180	697	180	707	1e-126	 462
661	gi|160213650|gb|EU240162.1|	83.48	551	35	46	180	697	180	707	1e-126	 462
661	gi|160213584|gb|EU240096.1|	83.48	551	35	46	180	697	198	725	1e-126	 462
661	gi|124294727|gb|EF195153.1|	83.48	551	35	46	180	697	180	707	1e-126	 462
661	gi|119887871|gb|EF152509.1|	83.48	551	35	46	180	697	180	707	1e-126	 462
661	gi|108945881|gb|DQ525091.1|	83.48	551	35	46	180	697	180	707	1e-126	 462
661	gi|108945879|gb|DQ525089.1|	83.48	551	35	46	180	697	179	706	1e-126	 462
661	gi|89519378|gb|DQ403790.1|	83.48	551	35	46	180	697	180	707	1e-126	 462
661	gi|89519377|gb|DQ403789.1|	83.48	551	35	46	180	697	179	706	1e-126	 462
661	gi|89519372|gb|DQ403784.1|	83.48	551	35	46	180	697	180	707	1e-126	 462
661	gi|86450365|gb|DQ364462.1|	83.48	551	35	46	180	697	179	706	1e-126	 462
661	gi|77732524|gb|DQ220744.1|	83.51	552	33	47	180	697	181	708	1e-126	 462
661	gi|77641481|gb|DQ217604.1|	83.48	551	35	46	180	697	180	707	1e-126	 462
661	gi|77641480|gb|DQ217603.1|	83.48	551	35	46	180	697	180	707	1e-126	 462
661	gi|72536219|gb|DQ144637.1|	83.48	551	35	46	180	697	180	707	1e-126	 462
661	gi|77455888|gb|DQ211520.1|	83.51	552	33	47	180	697	181	708	1e-126	 462
661	gi|304375575|dbj|AB581057.1|	97.41	270	6	1	1	269	28	297	2e-125	 459
661	gi|39840917|dbj|AB108060.1|	82.89	561	46	38	173	704	115	654	2e-125	 459
661	gi|237784577|gb|FJ415966.1|	83.30	551	36	46	180	697	180	707	6e-125	 457
661	gi|197694511|gb|EU703790.1|	82.71	561	47	38	173	704	111	650	8e-124	 453
661	gi|237784584|gb|FJ415973.1|	82.74	562	45	38	173	704	113	652	8e-124	 453
661	gi|237784582|gb|FJ415971.1|	82.71	561	47	38	173	704	106	645	8e-124	 453
661	gi|117938956|dbj|AB259314.1|	82.74	562	45	38	173	704	113	652	8e-124	 453
661	gi|39840909|dbj|AB108052.1|	82.71	561	47	38	173	704	107	646	8e-124	 453
661	gi|39840903|dbj|AB108046.1|	82.71	561	47	38	173	704	111	650	8e-124	 453
661	gi|39840902|dbj|AB108045.1|	82.71	561	47	38	173	704	111	650	8e-124	 453
661	gi|39840901|dbj|AB108044.1|	82.71	561	47	38	173	704	111	650	8e-124	 453
661	gi|39840896|dbj|AB108039.1|	82.71	561	47	38	173	704	107	646	8e-124	 453
661	gi|39840895|dbj|AB108038.1|	82.71	561	47	38	173	704	111	650	8e-124	 453
661	gi|39840888|dbj|AB108031.1|	82.71	561	47	37	173	704	108	647	8e-124	 453
661	gi|39840887|dbj|AB108030.1|	82.71	561	47	38	173	704	111	650	8e-124	 453
661	gi|39840886|dbj|AB108029.1|	82.71	561	47	38	173	704	107	646	8e-124	 453
661	gi|39840884|dbj|AB108027.1|	82.71	561	47	38	173	704	107	646	8e-124	 453
661	gi|39840882|dbj|AB108025.1|	82.71	561	47	38	173	704	111	650	8e-124	 453
661	gi|94467198|dbj|AB217661.1|	82.74	562	44	38	173	704	106	644	3e-123	 451
661	gi|94467196|dbj|AB217659.1|	82.71	561	46	36	173	704	107	645	3e-123	 451
661	gi|39840914|dbj|AB108057.1|	82.71	561	46	36	173	704	107	645	3e-123	 451
661	gi|39840907|dbj|AB108050.1|	82.71	561	46	37	173	704	111	649	3e-123	 451
661	gi|39840898|dbj|AB108041.1|	82.71	561	46	36	173	704	112	650	3e-123	 451
661	gi|39840915|dbj|AB108058.1|	82.68	560	45	38	173	702	115	652	1e-122	 449
661	gi|237784583|gb|FJ415972.1|	82.56	562	46	38	173	704	113	652	4e-122	 448
661	gi|39840918|dbj|AB108061.1|	82.56	562	46	39	173	704	110	649	4e-122	 448
661	gi|39840916|dbj|AB108059.1|	82.56	562	46	39	173	704	108	647	4e-122	 448
661	gi|39840883|dbj|AB108026.1|	82.53	561	48	38	173	704	111	650	4e-122	 448
661	gi|94467197|dbj|AB217660.1|	82.53	561	47	36	173	704	107	645	1e-121	 446
661	gi|39840908|dbj|AB108051.1|	82.53	561	47	36	173	704	107	645	1e-121	 446
661	gi|39840894|dbj|AB108037.1|	82.56	562	45	37	173	704	111	649	1e-121	 446
661	gi|39840893|dbj|AB108036.1|	82.53	561	47	36	173	704	107	645	1e-121	 446
661	gi|39840891|dbj|AB108034.1|	82.56	562	45	38	173	704	107	645	1e-121	 446
661	gi|260766476|gb|GQ918332.1|	82.38	562	47	39	173	704	113	652	2e-120	 442
661	gi|39840899|dbj|AB108042.1|	82.38	562	47	39	173	704	112	651	2e-120	 442
661	gi|210077434|gb|FJ348741.1|	82.35	561	48	36	173	704	107	645	6e-120	 440
661	gi|94467195|dbj|AB217658.1|	82.38	562	46	37	173	704	107	645	6e-120	 440
661	gi|39840910|dbj|AB108053.1|	82.35	561	48	36	173	704	107	645	6e-120	 440
661	gi|39840906|dbj|AB108049.1|	82.35	561	48	36	173	704	107	645	6e-120	 440
661	gi|39840905|dbj|AB108048.1|	82.35	561	48	36	173	704	107	645	6e-120	 440
661	gi|39840904|dbj|AB108047.1|	82.35	561	48	36	173	704	107	645	6e-120	 440
661	gi|39840900|dbj|AB108043.1|	82.35	561	48	36	173	704	112	650	6e-120	 440
661	gi|39840897|dbj|AB108040.1|	82.35	561	48	38	173	704	107	645	6e-120	 440
661	gi|39840890|dbj|AB108033.1|	82.35	561	48	36	173	704	107	645	6e-120	 440
661	gi|39840889|dbj|AB108032.1|	82.35	561	48	36	173	704	107	645	6e-120	 440
661	gi|39840885|dbj|AB108028.1|	82.35	561	48	36	173	704	107	645	6e-120	 440
661	gi|39840881|dbj|AB108024.1|	82.35	561	48	36	173	704	107	645	6e-120	 440
661	gi|39840913|dbj|AB108056.1|	82.17	561	49	39	173	704	111	649	3e-118	 435
661	gi|39840912|dbj|AB108055.1|	82.14	560	51	34	173	704	107	645	3e-118	 435
661	gi|39840911|dbj|AB108054.1|	82.17	561	49	36	173	704	112	650	3e-118	 435
661	gi|39840880|dbj|AB108023.1|	82.17	561	49	36	173	704	107	645	3e-118	 435
661	gi|113472433|gb|DQ916375.1|	82.01	567	44	42	189	713	173	723	1e-116	 429
661	gi|113472430|gb|DQ916372.1|	82.04	568	42	43	189	713	174	724	1e-116	 429
661	gi|113472422|gb|DQ916364.1|	82.04	568	42	43	189	713	171	721	1e-116	 429
661	gi|113472418|gb|DQ916360.1|	82.04	568	42	43	189	713	174	724	1e-116	 429
661	gi|113472414|gb|DQ916356.1|	82.04	568	42	43	189	713	172	722	1e-116	 429
661	gi|113472412|gb|DQ916354.1|	82.04	568	42	44	189	713	172	722	1e-116	 429
661	gi|113472410|gb|DQ916352.1|	82.04	568	42	43	189	713	173	723	1e-116	 429
661	gi|113472405|gb|DQ916347.1|	82.04	568	42	43	189	713	175	725	1e-116	 429
661	gi|94429088|gb|DQ479407.1|	82.04	568	42	43	189	713	172	722	1e-116	 429
661	gi|39840892|dbj|AB108035.1|	82.06	563	46	42	173	704	108	646	1e-116	 429
661	gi|113472413|gb|DQ916355.1|	82.40	551	40	41	189	697	171	706	5e-116	 427
661	gi|94429083|gb|DQ479402.1|	81.87	568	43	43	189	713	175	725	5e-116	 427
661	gi|113472429|gb|DQ916371.1|	82.23	557	40	43	200	713	179	719	2e-115	 425
661	gi|94429082|gb|DQ479401.1|	81.87	568	43	43	189	713	173	723	2e-115	 425
661	gi|113472431|gb|DQ916373.1|	81.87	568	43	43	189	713	173	723	6e-115	 424
661	gi|113472427|gb|DQ916369.1|	81.87	568	43	43	189	713	173	723	6e-115	 424
661	gi|113472426|gb|DQ916368.1|	81.87	568	43	43	189	713	174	724	6e-115	 424
661	gi|113472425|gb|DQ916367.1|	81.87	568	43	43	189	713	173	723	6e-115	 424
661	gi|113472423|gb|DQ916365.1|	81.90	569	42	43	189	713	172	723	6e-115	 424
661	gi|113472421|gb|DQ916363.1|	81.87	568	43	43	189	713	173	723	6e-115	 424
661	gi|113472419|gb|DQ916361.1|	81.90	569	41	45	189	713	173	723	6e-115	 424
661	gi|113472411|gb|DQ916353.1|	81.90	569	42	43	189	713	173	724	6e-115	 424
661	gi|113472407|gb|DQ916349.1|	81.90	569	42	43	189	713	172	723	6e-115	 424
661	gi|94429086|gb|DQ479405.1|	81.90	569	42	43	189	713	173	724	6e-115	 424
661	gi|94429084|gb|DQ479403.1|	81.90	569	42	43	189	713	173	724	6e-115	 424
661	gi|119444378|gb|EF126355.1|	81.87	568	43	43	189	713	172	722	6e-115	 424
661	gi|119444377|gb|EF126354.1|	81.87	568	43	43	189	713	172	722	6e-115	 424
661	gi|108945885|gb|DQ525095.1|	81.87	568	43	43	189	713	172	722	6e-115	 424
661	gi|108945883|gb|DQ525093.1|	81.87	568	43	43	189	713	172	722	6e-115	 424
661	gi|108945882|gb|DQ525092.1|	81.87	568	43	43	189	713	172	722	6e-115	 424
661	gi|108945877|gb|DQ525087.1|	81.87	568	43	43	189	713	172	722	6e-115	 424
661	gi|107758318|gb|DQ528747.1|	81.87	568	43	43	189	713	172	722	6e-115	 424
661	gi|77641482|gb|DQ217605.1|	81.87	568	43	43	189	713	172	722	6e-115	 424
661	gi|74275435|gb|DQ176005.1|	81.87	568	43	43	189	713	172	722	6e-115	 424
661	gi|77455884|gb|DQ211516.1|	81.87	568	43	43	189	713	179	729	6e-115	 424
661	gi|292680208|dbj|AB468814.1|	81.92	553	51	36	173	702	85	611	2e-114	 422
661	gi|113472406|gb|DQ916348.1|	82.05	557	41	42	200	713	182	722	8e-114	 420
661	gi|292680187|dbj|AB468793.1|	82.08	547	44	39	188	704	113	635	3e-113	 418
661	gi|113472432|gb|DQ916374.1|	81.69	568	44	43	189	713	174	724	3e-113	 418
661	gi|78217382|gb|DQ235227.1|	82.19	539	47	38	190	704	117	630	3e-113	 418
661	gi|78100295|gb|DQ232768.1|	82.10	542	46	34	190	705	114	630	1e-112	 416
661	gi|283771471|gb|GU266220.1|	82.16	538	43	38	188	698	115	626	1e-111	 412
661	gi|237784586|gb|FJ415975.1|	82.16	538	43	38	188	698	112	623	1e-111	 412
661	gi|237784585|gb|FJ415974.1|	82.16	538	43	38	188	698	112	623	1e-111	 412
661	gi|113472409|gb|DQ916351.1|	81.55	569	43	45	189	713	173	723	1e-111	 412
661	gi|51235520|gb|AY598666.1|	81.97	538	44	38	188	698	113	624	2e-110	 409
661	gi|237784587|gb|FJ415976.1|	81.63	539	50	36	190	706	107	618	3e-108	 401
661	gi|284432535|gb|GU258976.1|	90.79	304	15	11	169	466	178	474	5e-106	 394
661	gi|39840876|dbj|AB108019.1|	82.91	474	46	32	173	628	81	537	5e-106	 394
661	gi|39840875|dbj|AB108018.1|	84.02	438	40	27	173	594	81	504	5e-106	 394
661	gi|28395471|gb|AY191003.1|	91.00	300	16	11	168	462	238	531	5e-106	 394
661	gi|28395471|gb|AY191003.1|	82.88	146	13	11	556	695	667	806	9e-24	 121
661	gi|28395471|gb|AY191003.1|	97.73	44	1	0	782	825	967	1010	2e-10	76.8
661	gi|284432536|gb|GU258977.1|	90.43	303	18	11	169	466	176	472	2e-104	 388
661	gi|113472424|gb|DQ916366.1|	92.22	270	12	8	200	466	175	438	6e-100	 374
661	gi|113472420|gb|DQ916362.1|	92.22	270	12	8	200	466	179	442	6e-100	 374
661	gi|113472417|gb|DQ916359.1|	92.22	270	12	8	200	466	178	441	6e-100	 374
661	gi|113472416|gb|DQ916358.1|	92.22	270	12	8	200	466	179	442	6e-100	 374
661	gi|94429087|gb|DQ479406.1|	92.22	270	12	8	200	466	178	441	6e-100	 374
661	gi|94429085|gb|DQ479404.1|	92.22	270	12	8	200	466	179	442	6e-100	 374
661	gi|296801453|gb|HM134862.1|	89.44	303	20	11	168	466	251	545	2e-99	 372
661	gi|113472428|gb|DQ916370.1|	91.85	270	13	8	200	466	179	442	3e-98	 368
661	gi|113472415|gb|DQ916357.1|	91.85	270	13	8	200	466	179	442	3e-98	 368
661	gi|282935935|gb|GU233302.1|	89.11	303	21	11	168	466	172	466	1e-97	 366
661	gi|7263197|gb|AF087479.1|AF087479	92.16	268	8	13	168	430	197	456	1e-97	 366
661	gi|296046598|gb|HM006704.1|	86.92	344	21	21	168	504	160	486	4e-97	 364
661	gi|296044540|gb|HM032062.1|	86.92	344	21	21	168	504	169	495	4e-97	 364
661	gi|295394043|gb|GU983639.1|	86.92	344	21	21	168	504	145	471	4e-97	 364
661	gi|295394039|gb|GU983635.1|	86.92	344	21	21	168	504	162	488	4e-97	 364
661	gi|295315529|gb|GU993910.1|	86.92	344	21	21	168	504	163	489	4e-97	 364
661	gi|292385862|gb|GU723474.1|	86.92	344	21	21	168	504	161	487	4e-97	 364
661	gi|285818854|gb|GU353341.1|	86.92	344	21	21	168	504	182	508	4e-97	 364
661	gi|284433026|gb|GU259467.1|	86.92	344	21	21	168	504	160	486	4e-97	 364
661	gi|284432914|gb|GU259355.1|	86.92	344	21	21	168	504	162	488	4e-97	 364
661	gi|284432896|gb|GU259337.1|	86.92	344	21	21	168	504	161	487	4e-97	 364
661	gi|284432887|gb|GU259328.1|	86.92	344	21	21	168	504	161	487	4e-97	 364
661	gi|284432877|gb|GU259318.1|	86.92	344	21	21	168	504	162	488	4e-97	 364
661	gi|284432870|gb|GU259311.1|	86.92	344	21	21	168	504	160	486	4e-97	 364
661	gi|284432841|gb|GU259282.1|	86.92	344	21	21	168	504	162	488	4e-97	 364
661	gi|284432840|gb|GU259281.1|	86.92	344	21	21	168	504	162	488	4e-97	 364
661	gi|284432839|gb|GU259280.1|	86.92	344	21	21	168	504	162	488	4e-97	 364
661	gi|284432795|gb|GU259236.1|	86.92	344	21	21	168	504	162	488	4e-97	 364
661	gi|284432794|gb|GU259235.1|	86.92	344	21	21	168	504	162	488	4e-97	 364
661	gi|284432793|gb|GU259234.1|	86.92	344	21	21	168	504	162	488	4e-97	 364
661	gi|284432788|gb|GU259229.1|	86.92	344	21	21	168	504	162	488	4e-97	 364
661	gi|284432787|gb|GU259228.1|	86.92	344	21	21	168	504	162	488	4e-97	 364
661	gi|284432785|gb|GU259226.1|	86.92	344	21	21	168	504	162	488	4e-97	 364
661	gi|284432783|gb|GU259224.1|	86.92	344	21	21	168	504	162	488	4e-97	 364
661	gi|284432782|gb|GU259223.1|	86.92	344	21	21	168	504	162	488	4e-97	 364
661	gi|284432781|gb|GU259222.1|	86.92	344	21	21	168	504	162	488	4e-97	 364
661	gi|284432780|gb|GU259221.1|	86.92	344	21	21	168	504	162	488	4e-97	 364
661	gi|284432779|gb|GU259220.1|	86.92	344	21	21	168	504	162	488	4e-97	 364
661	gi|284432778|gb|GU259219.1|	86.92	344	21	21	168	504	162	488	4e-97	 364
661	gi|284432777|gb|GU259218.1|	86.92	344	21	21	168	504	162	488	4e-97	 364
661	gi|284432776|gb|GU259217.1|	86.92	344	21	21	168	504	161	487	4e-97	 364
661	gi|284432775|gb|GU259216.1|	86.92	344	21	21	168	504	162	488	4e-97	 364
661	gi|284432765|gb|GU259206.1|	86.92	344	21	21	168	504	162	488	4e-97	 364
661	gi|284432764|gb|GU259205.1|	86.92	344	21	21	168	504	162	488	4e-97	 364
661	gi|284432736|gb|GU259177.1|	86.92	344	21	21	168	504	162	488	4e-97	 364
661	gi|284432707|gb|GU259148.1|	86.92	344	21	21	168	504	162	488	4e-97	 364
661	gi|284432594|gb|GU259035.1|	86.92	344	21	21	168	504	162	488	4e-97	 364
661	gi|284432590|gb|GU259031.1|	86.92	344	21	21	168	504	160	486	4e-97	 364
661	gi|284432502|gb|GU258943.1|	86.92	344	21	21	168	504	161	487	4e-97	 364
661	gi|284432370|gb|GU258811.1|	86.92	344	21	21	168	504	161	487	4e-97	 364
661	gi|284432368|gb|GU258809.1|	86.92	344	21	21	168	504	161	487	4e-97	 364
661	gi|284432367|gb|GU258808.1|	86.92	344	21	21	168	504	161	487	4e-97	 364
661	gi|284432347|gb|GU258788.1|	86.92	344	21	21	168	504	163	489	4e-97	 364
661	gi|284432344|gb|GU258785.1|	86.92	344	21	21	168	504	162	488	4e-97	 364
661	gi|284432340|gb|GU258781.1|	86.92	344	21	21	168	504	162	488	4e-97	 364
661	gi|284432335|gb|GU258776.1|	86.92	344	21	21	168	504	163	489	4e-97	 364
661	gi|284432334|gb|GU258775.1|	86.92	344	21	21	168	504	164	490	4e-97	 364
661	gi|284432333|gb|GU258774.1|	86.92	344	21	21	168	504	162	488	4e-97	 364
661	gi|284432332|gb|GU258773.1|	86.92	344	21	21	168	504	162	488	4e-97	 364
661	gi|284432331|gb|GU258772.1|	86.92	344	21	21	168	504	162	488	4e-97	 364
661	gi|284432330|gb|GU258771.1|	86.92	344	21	21	168	504	162	488	4e-97	 364
661	gi|284432329|gb|GU258770.1|	86.92	344	21	21	168	504	163	489	4e-97	 364
661	gi|284432328|gb|GU258769.1|	86.92	344	21	21	168	504	162	488	4e-97	 364
661	gi|284432327|gb|GU258768.1|	86.92	344	21	21	168	504	160	486	4e-97	 364
661	gi|284432214|gb|GU258655.1|	86.92	344	21	21	168	504	161	487	4e-97	 364
661	gi|284432213|gb|GU258654.1|	86.92	344	21	21	168	504	161	487	4e-97	 364
661	gi|284432212|gb|GU258653.1|	86.92	344	21	21	168	504	162	488	4e-97	 364
661	gi|284432210|gb|GU258651.1|	86.92	344	21	21	168	504	162	488	4e-97	 364
661	gi|284432209|gb|GU258650.1|	86.92	344	21	21	168	504	161	487	4e-97	 364
661	gi|284432208|gb|GU258649.1|	86.92	344	21	21	168	504	162	488	4e-97	 364
661	gi|284432206|gb|GU258647.1|	86.92	344	21	21	168	504	162	488	4e-97	 364
661	gi|284432204|gb|GU258645.1|	86.92	344	21	21	168	504	161	487	4e-97	 364
661	gi|284432198|gb|GU258639.1|	86.92	344	21	21	168	504	162	488	4e-97	 364
661	gi|284432197|gb|GU258638.1|	86.92	344	21	21	168	504	162	488	4e-97	 364
661	gi|284432195|gb|GU258636.1|	86.92	344	21	21	168	504	161	487	4e-97	 364
661	gi|284432194|gb|GU258635.1|	86.92	344	21	21	168	504	161	487	4e-97	 364
661	gi|284432193|gb|GU258634.1|	86.92	344	21	21	168	504	162	488	4e-97	 364
661	gi|284432192|gb|GU258633.1|	86.92	344	21	21	168	504	162	488	4e-97	 364
661	gi|284432107|gb|GU258548.1|	86.92	344	21	21	168	504	162	488	4e-97	 364
661	gi|282937690|gb|GU111676.2|	86.92	344	21	21	168	504	179	505	4e-97	 364
661	gi|281484400|gb|GU223372.1|	86.92	344	21	21	168	504	195	521	4e-97	 364
661	gi|281484399|gb|GU223371.1|	86.92	344	21	21	168	504	172	498	4e-97	 364
661	gi|269854039|gb|GU073392.1|	86.92	344	21	21	168	504	209	535	4e-97	 364
661	gi|269854036|gb|GU073389.1|	86.92	344	21	21	168	504	216	542	4e-97	 364
661	gi|269854034|gb|GU073387.1|	86.92	344	21	21	168	504	214	540	4e-97	 364
661	gi|262293052|gb|GU111682.1|	86.92	344	21	21	168	504	214	540	4e-97	 364
661	gi|262293051|gb|GU111681.1|	86.92	344	21	21	168	504	217	543	4e-97	 364
661	gi|262293050|gb|GU111680.1|	86.92	344	21	21	168	504	220	546	4e-97	 364
661	gi|262293049|gb|GU111679.1|	86.92	344	21	21	168	504	217	543	4e-97	 364
661	gi|262293048|gb|GU111678.1|	86.92	344	21	21	168	504	218	544	4e-97	 364
661	gi|262293047|gb|GU111677.1|	86.92	344	21	21	168	504	205	531	4e-97	 364
661	gi|262293043|gb|GU111673.1|	86.92	344	21	21	168	504	194	520	4e-97	 364
661	gi|262293042|gb|GU111672.1|	86.92	344	21	21	168	504	210	536	4e-97	 364
661	gi|262293041|gb|GU111671.1|	86.92	344	21	21	168	504	217	543	4e-97	 364
661	gi|262293040|gb|GU111670.1|	86.92	344	21	21	168	504	194	520	4e-97	 364
661	gi|262293039|gb|GU111669.1|	86.92	344	21	21	168	504	190	516	4e-97	 364
661	gi|262293038|gb|GU111668.1|	86.92	344	21	21	168	504	205	531	4e-97	 364
661	gi|262293037|gb|GU111667.1|	86.92	344	21	21	168	504	195	521	4e-97	 364
661	gi|262293036|gb|GU111666.1|	86.92	344	21	21	168	504	204	530	4e-97	 364
661	gi|262293035|gb|GU111665.1|	86.92	344	21	21	168	504	216	542	4e-97	 364
661	gi|259121836|gb|GQ505906.1|	86.92	344	21	21	168	504	45	371	4e-97	 364
661	gi|259014709|gb|GQ499373.1|	86.92	344	21	21	168	504	54	380	4e-97	 364
661	gi|251825465|gb|GQ148558.1|	86.92	344	21	21	168	504	193	519	4e-97	 364
661	gi|227811275|gb|FJ802104.1|	86.92	344	21	21	168	504	162	488	4e-97	 364
661	gi|227811134|gb|FJ801963.1|	86.92	344	21	21	168	504	162	488	4e-97	 364
661	gi|227810714|gb|FJ801542.1|	86.92	344	21	21	168	504	163	489	4e-97	 364
661	gi|227810713|gb|FJ801541.1|	86.92	344	21	21	168	504	162	488	4e-97	 364
661	gi|227810697|gb|FJ801525.1|	86.92	344	21	21	168	504	162	488	4e-97	 364
661	gi|227810689|gb|FJ801517.1|	86.92	344	21	21	168	504	162	488	4e-97	 364
661	gi|227810662|gb|FJ801490.1|	86.92	344	21	21	168	504	161	487	4e-97	 364
661	gi|227810634|gb|FJ801462.1|	86.92	344	21	21	168	504	162	488	4e-97	 364
661	gi|227810490|gb|FJ801318.1|	86.92	344	21	21	168	504	162	488	4e-97	 364
661	gi|227810489|gb|FJ801317.1|	86.92	344	21	21	168	504	163	489	4e-97	 364
661	gi|227810452|gb|FJ801280.1|	86.92	344	21	21	168	504	162	488	4e-97	 364
661	gi|196122371|gb|EU660841.1|	86.92	344	21	21	168	504	162	488	4e-97	 364
661	gi|196122368|gb|EU660838.1|	86.92	344	21	21	168	504	165	491	4e-97	 364
661	gi|196122358|gb|EU660828.1|	86.92	344	21	21	168	504	161	487	4e-97	 364
661	gi|196122357|gb|EU660827.1|	86.92	344	21	21	168	504	162	488	4e-97	 364
661	gi|196122356|gb|EU660826.1|	86.92	344	21	21	168	504	162	488	4e-97	 364
661	gi|226525210|gb|EU301135.2|	86.92	344	21	21	168	504	164	490	4e-97	 364
661	gi|226525208|gb|EU301133.2|	86.92	344	21	21	168	504	162	488	4e-97	 364
661	gi|225698610|gb|FJ746693.1|	86.92	344	21	21	168	504	91	417	4e-97	 364
661	gi|224923368|gb|FJ746654.1|	86.92	344	21	21	168	504	170	496	4e-97	 364
661	gi|218675623|gb|FJ499337.1|	86.92	344	21	21	168	504	162	488	4e-97	 364
661	gi|218675621|gb|FJ499335.1|	86.92	344	21	21	168	504	163	489	4e-97	 364
661	gi|212004610|gb|FJ410333.1|	86.92	344	21	21	168	504	162	488	4e-97	 364
661	gi|208429098|gb|FJ215687.1|	86.92	344	21	21	168	504	190	516	4e-97	 364
661	gi|187940719|gb|EU662220.1|	86.92	344	21	21	168	504	168	494	4e-97	 364
661	gi|187940718|gb|EU662219.1|	86.92	344	21	21	168	504	168	494	4e-97	 364
661	gi|187940717|gb|EU662218.1|	86.92	344	21	21	168	504	168	494	4e-97	 364
661	gi|187940716|gb|EU662217.1|	86.92	344	21	21	168	504	168	494	4e-97	 364
661	gi|187940715|gb|EU662216.1|	86.92	344	21	21	168	504	168	494	4e-97	 364
661	gi|187940714|gb|EU662215.1|	86.92	344	21	21	168	504	168	494	4e-97	 364
661	gi|187940713|gb|EU662214.1|	86.92	344	21	21	168	504	168	494	4e-97	 364
661	gi|187940712|gb|EU662213.1|	86.92	344	21	21	168	504	168	494	4e-97	 364
661	gi|187940711|gb|EU662212.1|	86.92	344	21	21	168	504	168	494	4e-97	 364
661	gi|187940710|gb|EU662211.1|	86.92	344	21	21	168	504	168	494	4e-97	 364
661	gi|187940709|gb|EU662210.1|	86.92	344	21	21	168	504	168	494	4e-97	 364
661	gi|187940708|gb|EU662209.1|	86.92	344	21	21	168	504	168	494	4e-97	 364
661	gi|187940707|gb|EU662208.1|	86.92	344	21	21	168	504	168	494	4e-97	 364
661	gi|187940706|gb|EU662207.1|	86.92	344	21	21	168	504	168	494	4e-97	 364
661	gi|187940705|gb|EU662206.1|	86.92	344	21	21	168	504	168	494	4e-97	 364
661	gi|187940704|gb|EU662205.1|	86.92	344	21	21	168	504	168	494	4e-97	 364
661	gi|167444541|gb|EU433396.1|	86.92	344	21	21	168	504	163	489	4e-97	 364
661	gi|163944121|gb|EU331089.1|	86.92	344	21	21	168	504	160	486	4e-97	 364
661	gi|160347350|gb|EU244849.1|	86.92	344	21	21	168	504	158	484	4e-97	 364
661	gi|160347348|gb|EU244847.1|	86.92	344	21	21	168	504	162	488	4e-97	 364
661	gi|159576094|dbj|AB367356.1|	86.92	344	21	21	168	504	162	488	4e-97	 364
661	gi|159576093|dbj|AB367355.1|	86.92	344	21	21	168	504	162	488	4e-97	 364
661	gi|159576092|dbj|AB367354.1|	86.92	344	21	21	168	504	162	488	4e-97	 364
661	gi|159576089|dbj|AB367352.1|	86.92	344	21	21	168	504	162	488	4e-97	 364
661	gi|159576084|dbj|AB367348.1|	86.92	344	21	21	168	504	162	488	4e-97	 364
661	gi|159576082|dbj|AB367347.1|	86.92	344	21	21	168	504	162	488	4e-97	 364
661	gi|159576081|dbj|AB367346.1|	86.92	344	21	21	168	504	163	489	4e-97	 364
661	gi|124110118|gb|EF059754.1|	86.92	344	21	21	168	504	186	512	4e-97	 364
661	gi|158635185|gb|EU194435.1|	86.92	344	21	21	168	504	158	484	4e-97	 364
661	gi|158635184|gb|EU194434.1|	86.92	344	21	21	168	504	162	488	4e-97	 364
661	gi|158635183|gb|EU194433.1|	86.92	344	21	21	168	504	162	488	4e-97	 364
661	gi|158635182|gb|EU194432.1|	86.92	344	21	21	168	504	162	488	4e-97	 364
661	gi|158635181|gb|EU194431.1|	86.92	344	21	21	168	504	162	488	4e-97	 364
661	gi|119370154|gb|DQ988176.1|	86.92	344	21	21	168	504	139	465	4e-97	 364
661	gi|119370153|gb|DQ988175.1|	86.92	344	21	21	168	504	139	465	4e-97	 364
661	gi|119370152|gb|DQ988174.1|	86.92	344	21	21	168	504	139	465	4e-97	 364
661	gi|126565787|gb|EF426559.1|	86.92	344	21	21	168	504	162	488	4e-97	 364
661	gi|126565786|gb|EF426558.1|	86.92	344	21	21	168	504	162	488	4e-97	 364
661	gi|122892468|gb|EF187913.1|	86.92	344	21	21	168	504	192	518	4e-97	 364
661	gi|77692000|gb|DQ182739.1|	86.92	344	21	21	168	504	162	488	4e-97	 364
661	gi|119632998|gb|EF140988.1|	86.92	344	21	21	168	504	184	510	4e-97	 364
661	gi|119632997|gb|EF140987.1|	86.92	344	21	21	168	504	184	510	4e-97	 364
661	gi|119632996|gb|EF140986.1|	86.92	344	21	21	168	504	184	510	4e-97	 364
661	gi|119632995|gb|EF140985.1|	86.92	344	21	21	168	504	184	510	4e-97	 364
661	gi|119632994|gb|EF140984.1|	86.92	344	21	21	168	504	184	510	4e-97	 364
661	gi|117574124|gb|EF050519.1|	86.92	344	21	21	168	504	162	488	4e-97	 364
661	gi|117574123|gb|EF050518.1|	86.92	344	21	21	168	504	162	488	4e-97	 364
661	gi|117574119|gb|EF050514.1|	86.92	344	21	21	168	504	162	488	4e-97	 364
661	gi|117574115|gb|EF050510.1|	86.92	344	21	21	168	504	162	488	4e-97	 364
661	gi|111620766|gb|DQ821184.1|	86.92	344	21	21	168	504	162	488	4e-97	 364
661	gi|110626556|gb|DQ822474.1|	86.92	344	21	21	168	504	162	488	4e-97	 364
661	gi|110626555|gb|DQ822473.1|	86.92	344	21	21	168	504	162	488	4e-97	 364
661	gi|110626554|gb|DQ822472.1|	86.92	344	21	21	168	504	162	488	4e-97	 364
661	gi|110626553|gb|DQ822471.1|	86.92	344	21	21	168	504	161	487	4e-97	 364
661	gi|110626552|gb|DQ822470.1|	86.92	344	21	21	168	504	160	486	4e-97	 364
661	gi|98961378|gb|DQ486670.1|	86.92	344	21	21	168	504	172	498	4e-97	 364
661	gi|98961377|gb|DQ486669.1|	86.92	344	21	21	168	504	121	447	4e-97	 364
661	gi|94468073|gb|DQ485412.1|	86.92	344	21	21	168	504	162	488	4e-97	 364
661	gi|57164814|gb|AY848936.1|	86.92	344	21	21	168	504	162	488	4e-97	 364
661	gi|56553477|gb|AY833528.1|	86.92	344	21	21	168	504	169	495	4e-97	 364
661	gi|56553476|gb|AY833527.1|	86.92	344	21	21	168	504	169	495	4e-97	 364
661	gi|38348768|gb|AY423299.1|	86.92	344	21	21	168	504	135	461	4e-97	 364
661	gi|75992482|dbj|AB185112.1|	86.92	344	21	21	168	504	161	487	4e-97	 364
661	gi|86212151|gb|DQ357827.1|	86.92	344	21	21	168	504	162	488	4e-97	 364
661	gi|62147408|emb|AJ854296.1|	86.92	344	21	21	168	504	187	513	4e-97	 364
661	gi|62147407|emb|AJ854295.1|	86.92	344	21	21	168	504	194	520	4e-97	 364
661	gi|62147406|emb|AJ854294.1|	86.92	344	21	21	168	504	167	493	4e-97	 364
661	gi|28932688|gb|AY208131.1|	86.92	344	21	21	168	504	162	488	4e-97	 364
661	gi|28932680|gb|AY208128.1|	86.92	344	21	21	168	504	162	488	4e-97	 364
661	gi|27463051|gb|AF467087.1|	86.92	344	21	21	168	504	174	500	4e-97	 364
661	gi|62125839|gb|AY961612.1|	86.92	344	21	21	168	504	160	486	4e-97	 364
661	gi|62125837|gb|AY961610.1|	86.92	344	21	21	168	504	162	488	4e-97	 364
661	gi|61608736|gb|AY946264.1|	86.92	344	21	21	168	504	162	488	4e-97	 364
661	gi|61608734|gb|AY946263.1|	86.92	344	21	21	168	504	162	488	4e-97	 364
661	gi|61608726|gb|AY946260.1|	86.92	344	21	21	168	504	158	484	4e-97	 364
661	gi|61608709|gb|AY946253.1|	86.92	344	21	21	168	504	163	489	4e-97	 364
661	gi|61608706|gb|AY946252.1|	86.92	344	21	21	168	504	163	489	4e-97	 364
661	gi|61608652|gb|AY943298.1|	86.92	344	21	21	168	504	160	486	4e-97	 364
661	gi|61608648|gb|AY943296.1|	86.92	344	21	21	168	504	160	486	4e-97	 364
661	gi|61608644|gb|AY943295.1|	86.92	344	21	21	168	504	162	488	4e-97	 364
661	gi|60327041|gb|AY880999.1|	86.92	344	21	21	168	504	163	489	4e-97	 364
661	gi|60327040|gb|AY880998.1|	86.92	344	21	21	168	504	162	488	4e-97	 364
661	gi|60327038|gb|AY880996.1|	86.92	344	21	21	168	504	162	488	4e-97	 364
661	gi|60327037|gb|AY880995.1|	86.92	344	21	21	168	504	163	489	4e-97	 364
661	gi|56553475|gb|AY833526.1|	86.92	344	21	21	168	504	148	474	4e-97	 364
661	gi|8927482|gb|AF266776.1|	86.92	344	21	21	168	504	163	489	4e-97	 364
661	gi|7453614|gb|AF228085.1|AF228085	86.92	344	21	21	168	504	173	499	4e-97	 364
661	gi|283855799|gb|GU299779.1|	88.93	307	16	17	168	468	175	469	1e-96	 363
661	gi|283855798|gb|GU299778.1|	88.93	307	16	17	168	468	172	466	1e-96	 363
661	gi|269854035|gb|GU073388.1|	86.88	343	21	21	169	504	202	527	1e-96	 363
661	gi|262293045|gb|GU111675.1|	88.93	307	16	17	168	468	217	511	1e-96	 363
661	gi|262293044|gb|GU111674.1|	88.93	307	16	17	168	468	217	511	1e-96	 363
661	gi|119714004|gb|EF125022.1|	88.93	307	17	17	168	467	166	462	1e-96	 363
661	gi|17467327|gb|L76535.1|PHTRRNAGE	92.66	259	8	11	180	433	209	461	1e-96	 363
661	gi|295409549|gb|HM004226.1|	91.79	268	9	13	168	430	545	804	5e-96	 361
661	gi|295315511|gb|GU993892.1|	91.79	268	9	13	168	430	167	426	5e-96	 361
661	gi|292680183|dbj|AB468789.1|	88.82	304	21	12	168	466	171	466	5e-96	 361
661	gi|284433027|gb|GU259468.1|	91.79	268	9	13	168	430	172	431	5e-96	 361
661	gi|284432920|gb|GU259361.1|	90.65	278	17	9	191	465	257	528	5e-96	 361
661	gi|284432919|gb|GU259360.1|	90.65	278	17	9	191	465	257	528	5e-96	 361
661	gi|284432918|gb|GU259359.1|	90.65	278	17	9	191	465	257	528	5e-96	 361
661	gi|284432917|gb|GU259358.1|	90.65	278	17	9	191	465	257	528	5e-96	 361
661	gi|284432916|gb|GU259357.1|	90.65	278	17	9	191	465	257	528	5e-96	 361
661	gi|284432848|gb|GU259289.1|	90.65	278	17	9	191	465	256	527	5e-96	 361
661	gi|284432763|gb|GU259204.1|	91.79	268	9	13	168	430	166	425	5e-96	 361
661	gi|284432762|gb|GU259203.1|	91.79	268	9	13	168	430	166	425	5e-96	 361
661	gi|284432672|gb|GU259113.1|	91.79	268	9	13	168	430	166	425	5e-96	 361
661	gi|284432671|gb|GU259112.1|	91.79	268	9	13	168	430	166	425	5e-96	 361
661	gi|284432482|gb|GU258923.1|	91.79	268	9	13	168	430	166	425	5e-96	 361
661	gi|284432455|gb|GU258896.1|	91.79	268	9	13	168	430	166	425	5e-96	 361
661	gi|284432454|gb|GU258895.1|	91.79	268	9	13	168	430	167	426	5e-96	 361
661	gi|284432446|gb|GU258887.1|	91.79	268	9	13	168	430	168	427	5e-96	 361
661	gi|284432440|gb|GU258881.1|	91.79	268	9	13	168	430	166	425	5e-96	 361
661	gi|284432359|gb|GU258800.1|	91.79	268	9	13	168	430	166	425	5e-96	 361
661	gi|284432345|gb|GU258786.1|	91.79	268	9	13	168	430	168	427	5e-96	 361
661	gi|260779706|gb|GQ924081.1|	91.73	266	12	8	168	429	149	408	5e-96	 361
661	gi|237784576|gb|FJ415965.1|	91.73	266	12	9	168	429	151	410	5e-96	 361
661	gi|237784575|gb|FJ415964.1|	91.73	266	12	9	168	429	151	410	5e-96	 361
661	gi|237784574|gb|FJ415963.1|	91.73	266	12	8	168	429	127	386	5e-96	 361
661	gi|237784549|gb|FJ415938.1|	90.65	278	17	9	191	465	257	528	5e-96	 361
661	gi|237784535|gb|FJ415924.1|	94.17	240	9	4	191	429	258	493	5e-96	 361
661	gi|227811296|gb|FJ802125.1|	91.79	268	9	13	168	430	168	427	5e-96	 361
661	gi|227811295|gb|FJ802124.1|	91.79	268	9	13	168	430	168	427	5e-96	 361
661	gi|227811234|gb|FJ802063.1|	91.79	268	9	13	168	430	167	426	5e-96	 361
661	gi|227811040|gb|FJ801868.1|	91.79	268	9	13	168	430	167	426	5e-96	 361
661	gi|227811039|gb|FJ801867.1|	91.79	268	9	13	168	430	167	426	5e-96	 361
661	gi|227811022|gb|FJ801850.1|	91.79	268	9	13	168	430	167	426	5e-96	 361
661	gi|227810940|gb|FJ801768.1|	91.79	268	9	13	168	430	167	426	5e-96	 361
661	gi|227810797|gb|FJ801625.1|	91.79	268	9	13	168	430	167	426	5e-96	 361
661	gi|227810796|gb|FJ801624.1|	91.79	268	9	13	168	430	167	426	5e-96	 361
661	gi|227810795|gb|FJ801623.1|	91.79	268	9	13	168	430	168	427	5e-96	 361
661	gi|227810753|gb|FJ801581.1|	91.79	268	9	13	168	430	167	426	5e-96	 361
661	gi|227810699|gb|FJ801527.1|	91.79	268	9	13	168	430	167	426	5e-96	 361
661	gi|227810676|gb|FJ801504.1|	91.79	268	9	13	168	430	167	426	5e-96	 361
661	gi|227810675|gb|FJ801503.1|	91.79	268	9	13	168	430	167	426	5e-96	 361
661	gi|227810674|gb|FJ801502.1|	91.79	268	9	13	168	430	167	426	5e-96	 361
661	gi|227810673|gb|FJ801501.1|	91.79	268	9	13	168	430	167	426	5e-96	 361
661	gi|227810672|gb|FJ801500.1|	91.79	268	9	13	168	430	167	426	5e-96	 361
661	gi|227810671|gb|FJ801499.1|	91.79	268	9	13	168	430	167	426	5e-96	 361
661	gi|227810599|gb|FJ801427.1|	91.79	268	9	13	168	430	168	427	5e-96	 361
661	gi|227810556|gb|FJ801384.1|	91.79	268	9	13	168	430	168	427	5e-96	 361
661	gi|227810554|gb|FJ801382.1|	91.79	268	9	13	168	430	167	426	5e-96	 361
661	gi|227810553|gb|FJ801381.1|	91.79	268	9	13	168	430	167	426	5e-96	 361
661	gi|227810552|gb|FJ801380.1|	91.79	268	9	13	168	430	167	426	5e-96	 361
661	gi|224923392|gb|FJ746678.1|	91.79	268	9	13	168	430	173	432	5e-96	 361
661	gi|224923355|gb|FJ746641.1|	91.79	268	9	13	168	430	176	435	5e-96	 361
661	gi|218675619|gb|FJ499333.1|	91.76	267	11	11	168	430	163	422	5e-96	 361
661	gi|208473516|gb|FJ196750.1|	91.79	268	9	13	168	430	179	438	5e-96	 361
661	gi|207560048|gb|FJ172257.1|	91.79	268	9	13	168	430	152	411	5e-96	 361
661	gi|190684096|gb|EU760494.1|	91.73	266	12	8	168	429	71	330	5e-96	 361
661	gi|170962955|gb|EU530639.1|	91.73	266	12	8	168	429	127	386	5e-96	 361
661	gi|169883411|gb|EU498000.1|	91.73	266	12	8	168	429	127	386	5e-96	 361
661	gi|154850056|gb|EU000147.1|	90.65	278	17	9	191	465	257	528	5e-96	 361
661	gi|148562420|gb|EF583438.1|	88.60	307	22	12	165	467	206	503	5e-96	 361
661	gi|117572700|gb|EF032479.1|	91.79	268	9	13	168	430	168	427	5e-96	 361
661	gi|98961366|gb|DQ486658.1|	91.79	268	9	13	168	430	126	385	5e-96	 361
661	gi|105301368|dbj|AB217682.1|	86.88	343	20	22	170	504	159	484	5e-96	 361
661	gi|83701164|gb|DQ313222.1|	91.79	268	9	13	168	430	168	427	5e-96	 361
661	gi|82593553|gb|DQ275190.1|	91.79	268	9	13	168	430	169	428	5e-96	 361
661	gi|17980857|gb|AF452138.1|	78.69	563	66	41	174	704	112	652	2e-94	 355
661	gi|297787415|gb|GU175431.1|	91.04	268	11	13	168	430	172	431	8e-94	 353

