# blastn
# Iteration: 0
# Query: 
# RID: KCER0U2K01N
# Database: nr
# Fields: query id, subject ids, % identity, alignment length, mismatches, gap opens, q. start, q. end, s. start, s. end, evalue, bit score
# 120 hits found
13957	gi|166203207|gb|EU375462.1|	97.92	240	5	0	13	252	102	341	3e-113	 416
13957	gi|117950158|gb|EF060287.1|	89.92	129	5	5	13	139	119	241	5e-36	 159
13957	gi|247541662|gb|CP001656.1|	83.04	112	16	3	141	250	13447	13557	1e-17	99.0
13957	gi|247541662|gb|CP001656.1|	83.04	112	16	3	141	250	96063	96173	1e-17	99.0
13957	gi|247541662|gb|CP001656.1|	83.04	112	16	3	141	250	160803	160913	1e-17	99.0
13957	gi|247541662|gb|CP001656.1|	83.04	112	16	3	141	250	207523	207633	1e-17	99.0
13957	gi|247541662|gb|CP001656.1|	83.04	112	16	3	141	250	1168458	1168568	1e-17	99.0
13957	gi|247541662|gb|CP001656.1|	83.04	112	16	3	141	250	1191287	1191397	1e-17	99.0
13957	gi|247541662|gb|CP001656.1|	83.04	112	16	3	141	250	1311939	1312049	1e-17	99.0
13957	gi|247541662|gb|CP001656.1|	83.04	112	16	3	141	250	2183149	2183259	1e-17	99.0
13957	gi|247541662|gb|CP001656.1|	83.04	112	16	3	141	250	3129556	3129666	1e-17	99.0
13957	gi|247541662|gb|CP001656.1|	83.04	112	16	3	141	250	4963872	4963762	1e-17	99.0
13957	gi|247541662|gb|CP001656.1|	83.04	112	16	3	141	250	6475357	6475247	1e-17	99.0
13957	gi|247541662|gb|CP001656.1|	83.04	112	16	3	141	250	6544437	6544327	1e-17	99.0
13957	gi|53829119|gb|AY740429.1|	97.87	47	1	0	13	59	109	155	1e-12	82.4
13957	gi|53829118|gb|AY740428.1|	97.87	47	1	0	13	59	109	155	1e-12	82.4
13957	gi|53829117|gb|AY740427.1|	97.87	47	1	0	13	59	109	155	1e-12	82.4
13957	gi|62766726|gb|DQ004923.1|	97.87	47	1	0	13	59	109	155	1e-12	82.4
13957	gi|62766713|gb|DQ004910.1|	97.87	47	1	0	13	59	109	155	1e-12	82.4
13957	gi|224797865|gb|FJ657372.1|	100.00	43	0	0	13	55	78	120	4e-12	80.5
13957	gi|224797864|gb|FJ657371.1|	100.00	43	0	0	13	55	78	120	4e-12	80.5
13957	gi|224797863|gb|FJ657370.1|	100.00	43	0	0	13	55	78	120	4e-12	80.5
13957	gi|82623351|gb|DQ231499.1|	100.00	43	0	0	13	55	43	85	4e-12	80.5
13957	gi|82623349|gb|DQ231497.1|	100.00	43	0	0	13	55	43	85	4e-12	80.5
13957	gi|62766716|gb|DQ004913.1|	100.00	43	0	0	13	55	109	151	4e-12	80.5
13957	gi|62766715|gb|DQ004912.1|	100.00	43	0	0	13	55	109	151	4e-12	80.5
13957	gi|62766714|gb|DQ004911.1|	100.00	43	0	0	13	55	109	151	4e-12	80.5
13957	gi|39725582|dbj|AB127933.1|	100.00	43	0	0	13	55	79	121	4e-12	80.5
13957	gi|6689394|emb|AJ245996.1|	100.00	43	0	0	13	55	1482	1524	4e-12	80.5
13957	gi|4456859|emb|AJ130954.1|	100.00	43	0	0	13	55	121	163	4e-12	80.5
13957	gi|4456857|emb|AJ130952.1|	100.00	43	0	0	13	55	121	163	4e-12	80.5
13957	gi|315258455|gb|HQ589193.1|	95.74	47	2	0	13	59	1468	1514	6e-11	76.8
13957	gi|312922522|gb|HQ402916.1|	95.74	47	2	0	13	59	1493	1539	6e-11	76.8
13957	gi|266706189|gb|GU129976.1|	95.74	47	2	0	13	59	1304	1350	6e-11	76.8
13957	gi|266706187|gb|GU129974.1|	95.74	47	2	0	13	59	1357	1403	6e-11	76.8
13957	gi|258589092|gb|FJ685752.1|	95.74	47	2	0	13	59	1322	1368	6e-11	76.8
13957	gi|267847002|gb|GU124634.1|	95.83	48	1	1	13	60	180	226	6e-11	76.8
13957	gi|226437837|gb|FJ226073.1|	95.74	47	2	0	13	59	1466	1512	6e-11	76.8
13957	gi|226437835|gb|FJ226071.1|	95.74	47	2	0	13	59	1466	1512	6e-11	76.8
13957	gi|226437832|gb|FJ226068.1|	95.74	47	2	0	13	59	1466	1512	6e-11	76.8
13957	gi|257449260|gb|GQ403689.1|	95.83	48	1	1	13	60	1473	1519	6e-11	76.8
13957	gi|257123757|gb|GQ403235.1|	95.74	47	2	0	13	59	1419	1465	6e-11	76.8
13957	gi|171907175|gb|EU552453.1|	95.74	47	2	0	13	59	1293	1339	6e-11	76.8
13957	gi|212292623|gb|FJ409624.1|	95.74	47	2	0	13	59	1348	1394	6e-11	76.8
13957	gi|209168759|gb|FJ204399.1|	95.74	47	2	0	13	59	305	351	6e-11	76.8
13957	gi|206748350|gb|FJ184384.1|	95.74	47	2	0	13	59	305	351	6e-11	76.8
13957	gi|197096951|emb|AJ919994.2|	95.74	47	2	0	13	59	1468	1514	6e-11	76.8
13957	gi|194022463|gb|EU814645.1|	95.74	47	2	0	13	59	1418	1464	6e-11	76.8
13957	gi|194022462|gb|EU814644.1|	95.74	47	2	0	13	59	1413	1459	6e-11	76.8
13957	gi|194022455|gb|EU814640.1|	95.74	47	2	0	13	59	1425	1471	6e-11	76.8
13957	gi|194022450|gb|EU814637.1|	95.74	47	2	0	13	59	1424	1470	6e-11	76.8
13957	gi|169248248|gb|EU344890.1|	95.74	47	2	0	13	59	1468	1514	6e-11	76.8
13957	gi|169248247|gb|EU344889.1|	95.74	47	2	0	13	59	1468	1514	6e-11	76.8
13957	gi|169248246|gb|EU344888.1|	95.74	47	2	0	13	59	1468	1514	6e-11	76.8
13957	gi|169248245|gb|EU344887.1|	95.74	47	2	0	13	59	1468	1514	6e-11	76.8
13957	gi|169248244|gb|EU344886.1|	95.74	47	2	0	13	59	1468	1514	6e-11	76.8
13957	gi|169248243|gb|EU344885.1|	95.74	47	2	0	13	59	1468	1514	6e-11	76.8
13957	gi|169248242|gb|EU344884.1|	95.74	47	2	0	13	59	1468	1514	6e-11	76.8
13957	gi|162950994|gb|EU294011.1|	95.83	48	1	1	13	60	1487	1533	6e-11	76.8
13957	gi|158259003|dbj|AB302897.2|	95.83	48	1	1	13	60	180	226	6e-11	76.8
13957	gi|158259002|dbj|AB302896.2|	95.83	48	1	1	13	60	180	226	6e-11	76.8
13957	gi|156186196|gb|EU086529.1|	95.74	47	2	0	13	59	1492	1538	6e-11	76.8
13957	gi|153865257|gb|EU014780.1|	95.74	47	2	0	13	59	1431	1477	6e-11	76.8
13957	gi|153865254|gb|EU014779.1|	95.74	47	2	0	13	59	1431	1477	6e-11	76.8
13957	gi|153865253|gb|EU014778.1|	95.74	47	2	0	13	59	1431	1477	6e-11	76.8
13957	gi|153865252|gb|EU014777.1|	95.74	47	2	0	13	59	1431	1477	6e-11	76.8
13957	gi|153865245|gb|EU014776.1|	95.74	47	2	0	13	59	1431	1477	6e-11	76.8
13957	gi|152941026|gb|EU010010.1|	95.74	47	2	0	13	59	1431	1477	6e-11	76.8
13957	gi|152941025|gb|EU010009.1|	95.74	47	2	0	13	59	1431	1477	6e-11	76.8
13957	gi|152941024|gb|EU010008.1|	95.74	47	2	0	13	59	1431	1477	6e-11	76.8
13957	gi|152941023|gb|EU010007.1|	95.74	47	2	0	13	59	1431	1477	6e-11	76.8
13957	gi|152941022|gb|EU010006.1|	95.74	47	2	0	13	59	1431	1477	6e-11	76.8
13957	gi|90822880|gb|DQ444265.1|	95.74	47	2	0	13	59	1407	1453	6e-11	76.8
13957	gi|90822879|gb|DQ444264.1|	95.74	47	2	0	13	59	1415	1461	6e-11	76.8
13957	gi|78709995|gb|DQ222972.1|	95.74	47	2	0	13	59	1446	1492	6e-11	76.8
13957	gi|52789115|gb|AY739653.1|	95.74	47	2	0	13	59	1320	1366	6e-11	76.8
13957	gi|39980642|gb|AY484406.1|	95.83	48	1	1	13	60	470	516	6e-11	76.8
13957	gi|20257607|gb|AF495882.1|	95.74	47	2	0	13	59	1459	1505	6e-11	76.8
13957	gi|86450333|gb|DQ362919.1|	95.74	47	2	0	13	59	369	415	6e-11	76.8
13957	gi|76664985|emb|AJ970675.1|	95.74	47	2	0	13	59	121	167	6e-11	76.8
13957	gi|85687484|gb|DQ350618.1|	95.74	47	2	0	13	59	369	415	6e-11	76.8
13957	gi|85687483|gb|DQ350617.1|	95.74	47	2	0	13	59	369	415	6e-11	76.8
13957	gi|85687482|gb|DQ350616.1|	95.74	47	2	0	13	59	369	415	6e-11	76.8
13957	gi|85687481|gb|DQ350615.1|	95.74	47	2	0	13	59	369	415	6e-11	76.8
13957	gi|29169869|emb|AJ550986.1|	95.83	48	1	1	13	60	1472	1518	6e-11	76.8
13957	gi|29169867|emb|AJ550984.1|	95.83	48	1	1	13	60	1465	1511	6e-11	76.8
13957	gi|13649449|gb|AF248961.1|AF248961	95.83	48	1	1	13	60	1488	1534	6e-11	76.8
13957	gi|13649444|gb|AF248959.1|AF248959	95.74	47	2	0	13	59	1493	1539	6e-11	76.8
13957	gi|62750872|emb|AJ964960.1|	95.74	47	2	0	13	59	1488	1534	6e-11	76.8
13957	gi|29169868|emb|AJ550985.1|	95.83	48	1	1	13	60	1467	1513	6e-11	76.8
13957	gi|3288105|emb|Y16391.1|	95.74	47	2	0	13	59	1479	1525	6e-11	76.8
13957	gi|315471689|gb|CP002394.1|	97.67	43	1	0	13	55	14789	14831	2e-10	75.0
13957	gi|315471689|gb|CP002394.1|	97.67	43	1	0	13	55	40340	40382	2e-10	75.0
13957	gi|315471689|gb|CP002394.1|	97.67	43	1	0	13	55	102954	102996	2e-10	75.0
13957	gi|315471689|gb|CP002394.1|	97.67	43	1	0	13	55	109189	109231	2e-10	75.0
13957	gi|315471689|gb|CP002394.1|	97.67	43	1	0	13	55	376490	376532	2e-10	75.0
13957	gi|315471689|gb|CP002394.1|	97.67	43	1	0	13	55	1108179	1108221	2e-10	75.0
13957	gi|315471689|gb|CP002394.1|	97.67	43	1	0	13	55	2259405	2259447	2e-10	75.0
13957	gi|315471689|gb|CP002394.1|	97.67	43	1	0	13	55	2560172	2560130	2e-10	75.0
13957	gi|315471689|gb|CP002394.1|	97.67	43	1	0	13	55	2735005	2734963	2e-10	75.0
13957	gi|315471689|gb|CP002394.1|	97.67	43	1	0	13	55	3628028	3627986	2e-10	75.0
13957	gi|315258469|gb|HQ589207.1|	95.65	46	2	0	13	58	1463	1508	2e-10	75.0
13957	gi|315258468|gb|HQ589206.1|	95.65	46	2	0	13	58	1463	1508	2e-10	75.0
13957	gi|315258467|gb|HQ589205.1|	95.65	46	2	0	13	58	1463	1508	2e-10	75.0
13957	gi|315258466|gb|HQ589204.1|	95.65	46	2	0	13	58	1463	1508	2e-10	75.0
13957	gi|315258465|gb|HQ589203.1|	95.65	46	2	0	13	58	1463	1508	2e-10	75.0
13957	gi|315258464|gb|HQ589202.1|	95.65	46	2	0	13	58	1463	1508	2e-10	75.0
13957	gi|229368466|gb|FJ376628.1|	95.65	46	2	0	13	58	1429	1474	2e-10	75.0
13957	gi|229368463|gb|FJ376625.1|	95.65	46	2	0	13	58	1428	1473	2e-10	75.0
13957	gi|229368461|gb|FJ376623.1|	95.65	46	2	0	13	58	1465	1510	2e-10	75.0
13957	gi|238479650|gb|FJ943262.1|	95.65	46	2	0	13	58	1491	1536	2e-10	75.0
13957	gi|227438082|gb|FJ876270.1|	97.67	43	1	0	13	55	1458	1500	2e-10	75.0
13957	gi|227121885|gb|DQ305984.2|	95.65	46	2	0	13	58	1429	1474	2e-10	75.0
13957	gi|227121884|gb|DQ305983.2|	95.65	46	2	0	13	58	1429	1474	2e-10	75.0
13957	gi|227121883|gb|DQ305982.2|	95.65	46	2	0	13	58	1429	1474	2e-10	75.0
13957	gi|227121882|gb|DQ305981.2|	95.65	46	2	0	13	58	1429	1474	2e-10	75.0
13957	gi|227121881|gb|DQ305980.2|	95.65	46	2	0	13	58	1429	1474	2e-10	75.0
13957	gi|227121880|gb|DQ305979.2|	95.65	46	2	0	13	58	1429	1474	2e-10	75.0
13957	gi|227121879|gb|DQ305978.2|	95.65	46	2	0	13	58	1429	1474	2e-10	75.0
13957	gi|258589093|gb|FJ685753.1|	93.62	47	3	0	13	59	1328	1374	7e-10	73.1

